Timestamp,gpu0_sclk_avg,gpu0_sclk_max,gpu0_sclk_min,all_gpu_sclk_avg,all_gpu_sclk_min,all_gpu_sclk_max,gpu0_mclk,all_gpu_mclk_avg,all_gpu_mclk_min,all_gpu_mclk_max,gpu0_power,all_gpu_power_avg,all_gpu_power_min,all_gpu_power_max,all_gpu_power_total,gpu0_temp
1743790231,133.125,143,131,133.125,131,143,900,900.0,900,900,124,124.0,124,124,124,48
1743790232,132.0,134,131,132.0,131,134,900,900.0,900,900,124,124.0,124,124,124,48
1743790234,131.875,133,131,131.875,131,133,900,900.0,900,900,124,124.0,124,124,124,48
1743790235,131.75,132,131,131.75,131,132,900,900.0,900,900,124,124.0,124,124,124,48
1743790236,131.75,132,131,131.75,131,132,900,900.0,900,900,124,124.0,124,124,124,48
1743790237,131.75,132,131,131.75,131,132,900,900.0,900,900,124,124.0,124,124,124,48
1743790238,131.75,132,131,131.75,131,132,900,900.0,900,900,124,124.0,124,124,124,48
1743790240,131.75,132,131,131.75,131,132,900,900.0,900,900,124,124.0,124,124,124,48
1743790241,131.75,132,131,131.75,131,132,900,900.0,900,900,124,124.0,124,124,124,47
1743790242,131.75,132,131,131.75,131,132,900,900.0,900,900,124,124.0,124,124,124,47
1743790243,1666.75,1676,1658,1666.75,1658,1676,1463,1463.0,1463,1463,733,733.0,733,733,733,49
1743790244,1699.875,1711,1692,1699.875,1692,1711,1497,1497.0,1497,1497,750,750.0,750,750,750,55
1743790245,1782.75,1791,1775,1782.75,1775,1791,1500,1500.0,1500,1500,750,750.0,750,750,750,57
1743790247,1779.125,1787,1771,1779.125,1771,1787,1500,1500.0,1500,1500,750,750.0,750,750,750,58
1743790248,1777.25,1784,1768,1777.25,1768,1784,1500,1500.0,1500,1500,750,750.0,750,750,750,59
1743790249,1772.125,1779,1761,1772.125,1761,1779,1500,1500.0,1500,1500,750,750.0,750,750,750,60
1743790250,1772.375,1779,1761,1772.375,1761,1779,1500,1500.0,1500,1500,750,750.0,750,750,750,61
1743790251,1764.75,1772,1753,1764.75,1753,1772,1500,1500.0,1500,1500,750,750.0,750,750,750,61
1743790253,1763.625,1771,1753,1763.625,1753,1771,1500,1500.0,1500,1500,750,750.0,750,750,750,61
1743790254,1760.125,1768,1749,1760.125,1749,1768,1500,1500.0,1500,1500,750,750.0,750,750,750,62
1743790255,1761.625,1768,1752,1761.625,1752,1768,1500,1500.0,1500,1500,750,750.0,750,750,750,62
1743790256,1757.75,1765,1747,1757.75,1747,1765,1500,1500.0,1500,1500,750,750.0,750,750,750,62
1743790257,1756.75,1763,1746,1756.75,1746,1763,1500,1500.0,1500,1500,750,750.0,750,750,750,63
1743790258,1755.5,1762,1745,1755.5,1745,1762,1500,1500.0,1500,1500,750,750.0,750,750,750,63
1743790260,1752.125,1759,1741,1752.125,1741,1759,1500,1500.0,1500,1500,750,750.0,750,750,750,63
1743790261,1749.75,1756,1739,1749.75,1739,1756,1500,1500.0,1500,1500,750,750.0,750,750,750,64
1743790262,1703.375,1715,1692,1703.375,1692,1715,1418,1418.0,1418,1418,751,751.0,751,751,751,63
1743790263,1708.5,1721,1698,1708.5,1698,1721,1406,1406.0,1406,1406,751,751.0,751,751,751,64
1743790264,1692.375,1703,1684,1692.375,1684,1703,1492,1492.0,1492,1492,749,749.0,749,749,749,64
1743790266,1684.5,1695,1674,1684.5,1674,1695,1495,1495.0,1495,1495,750,750.0,750,750,750,65
1743790267,1684.25,1695,1674,1684.25,1674,1695,1494,1494.0,1494,1494,750,750.0,750,750,750,65
1743790268,1741.125,1749,1731,1741.125,1731,1749,1500,1500.0,1500,1500,750,750.0,750,750,750,65
1743790269,1738.0,1746,1728,1738.0,1728,1746,1500,1500.0,1500,1500,750,750.0,750,750,750,65
1743790270,1738.75,1747,1728,1738.75,1728,1747,1500,1500.0,1500,1500,750,750.0,750,750,750,65
1743790271,1737.625,1745,1727,1737.625,1727,1745,1500,1500.0,1500,1500,750,750.0,750,750,750,66
1743790273,1738.625,1747,1728,1738.625,1728,1747,1500,1500.0,1500,1500,750,750.0,750,750,750,66
1743790274,1728.5,1736,1719,1728.5,1719,1736,1500,1500.0,1500,1500,750,750.0,750,750,750,66
1743790275,1739.5,1748,1728,1739.5,1728,1748,1500,1500.0,1500,1500,750,750.0,750,750,750,66
1743790276,1730.125,1738,1718,1730.125,1718,1738,1500,1500.0,1500,1500,750,750.0,750,750,750,66
1743790277,1733.375,1741,1722,1733.375,1722,1741,1500,1500.0,1500,1500,750,750.0,750,750,750,66
1743790279,1728.125,1736,1716,1728.125,1716,1736,1500,1500.0,1500,1500,750,750.0,750,750,750,66
1743790280,1730.75,1738,1719,1730.75,1719,1738,1500,1500.0,1500,1500,750,750.0,750,750,750,66
1743790281,1679.625,1690,1668,1679.625,1668,1690,1499,1499.0,1499,1499,750,750.0,750,750,750,66
1743790282,1684.875,1696,1673,1684.875,1673,1696,1493,1493.0,1493,1493,750,750.0,750,750,750,66
1743790283,1680.125,1691,1670,1680.125,1670,1691,1496,1496.0,1496,1496,750,750.0,750,750,750,66
1743790284,1681.25,1693,1670,1681.25,1670,1693,1492,1492.0,1492,1492,750,750.0,750,750,750,66
1743790286,1675.5,1687,1664,1675.5,1664,1687,1495,1495.0,1495,1495,750,750.0,750,750,750,66
1743790287,1731.625,1741,1722,1731.625,1722,1741,1500,1500.0,1500,1500,750,750.0,750,750,750,66
1743790288,1736.5,1745,1726,1736.5,1726,1745,1500,1500.0,1500,1500,750,750.0,750,750,750,66
1743790289,1744.375,1753,1734,1744.375,1734,1753,1500,1500.0,1500,1500,750,750.0,750,750,750,66
1743790290,1741.75,1750,1731,1741.75,1731,1750,1500,1500.0,1500,1500,750,750.0,750,750,750,66
1743790291,1737.0,1745,1727,1737.0,1727,1745,1500,1500.0,1500,1500,750,750.0,750,750,750,66
1743790293,1740.375,1748,1729,1740.375,1729,1748,1500,1500.0,1500,1500,750,750.0,750,750,750,66
1743790294,1733.125,1741,1722,1733.125,1722,1741,1500,1500.0,1500,1500,750,750.0,750,750,750,66
1743790295,1739.625,1748,1728,1739.625,1728,1748,1500,1500.0,1500,1500,750,750.0,750,750,750,66
1743790296,1745.375,1754,1735,1745.375,1735,1754,1500,1500.0,1500,1500,750,750.0,750,750,750,66
1743790297,1740.0,1748,1729,1740.0,1729,1748,1500,1500.0,1500,1500,750,750.0,750,750,750,66
1743790299,1747.625,1757,1735,1747.625,1735,1757,1354,1354.0,1354,1354,717,717.0,717,717,717,66
1743790300,1708.25,1719,1696,1708.25,1696,1719,1376,1376.0,1376,1376,750,750.0,750,750,750,65
1743790301,1686.375,1697,1676,1686.375,1676,1697,1494,1494.0,1494,1494,750,750.0,750,750,750,65
1743790302,1732.125,1741,1722,1732.125,1722,1741,1500,1500.0,1500,1500,750,750.0,750,750,750,65
1743790303,1736.375,1744,1726,1736.375,1726,1744,1500,1500.0,1500,1500,750,750.0,750,750,750,66
1743790304,1731.25,1740,1719,1731.25,1719,1740,1500,1500.0,1500,1500,750,750.0,750,750,750,66
1743790306,1735.5,1744,1724,1735.5,1724,1744,1500,1500.0,1500,1500,750,750.0,750,750,750,66
1743790307,1736.0,1744,1725,1736.0,1725,1744,1500,1500.0,1500,1500,750,750.0,750,750,750,66
1743790308,1737.375,1745,1727,1737.375,1727,1745,1500,1500.0,1500,1500,750,750.0,750,750,750,66
1743790309,1735.0,1743,1724,1735.0,1724,1743,1500,1500.0,1500,1500,750,750.0,750,750,750,66
1743790310,1730.375,1739,1720,1730.375,1720,1739,1500,1500.0,1500,1500,750,750.0,750,750,750,66
1743790312,1731.75,1739,1720,1731.75,1720,1739,1500,1500.0,1500,1500,750,750.0,750,750,750,66
1743790313,1728.875,1737,1718,1728.875,1718,1737,1500,1500.0,1500,1500,750,750.0,750,750,750,66
1743790314,1729.75,1738,1718,1729.75,1718,1738,1500,1500.0,1500,1500,750,750.0,750,750,750,66
1743790315,1724.625,1733,1712,1724.625,1712,1733,1500,1500.0,1500,1500,750,750.0,750,750,750,66
1743790316,1725.125,1735,1712,1725.125,1712,1735,1500,1500.0,1500,1500,750,750.0,750,750,750,67
1743790317,1689.75,1698,1680,1689.75,1680,1698,1473,1473.0,1473,1473,748,748.0,748,748,748,67
1743790319,1715.875,1726,1703,1715.875,1703,1726,1500,1500.0,1500,1500,750,750.0,750,750,750,67
1743790320,1718.5,1728,1707,1718.5,1707,1728,1500,1500.0,1500,1500,750,750.0,750,750,750,67
1743790321,1718.5,1727,1707,1718.5,1707,1727,1500,1500.0,1500,1500,750,750.0,750,750,750,67
1743790322,1712.375,1723,1701,1712.375,1701,1723,1500,1500.0,1500,1500,750,750.0,750,750,750,68
1743790323,1712.0,1723,1700,1712.0,1700,1723,1500,1500.0,1500,1500,750,750.0,750,750,750,68
1743790325,1705.125,1716,1694,1705.125,1694,1716,1500,1500.0,1500,1500,749,749.0,749,749,749,68
1743790326,1713.0,1723,1701,1713.0,1701,1723,1500,1500.0,1500,1500,750,750.0,750,750,750,68
1743790327,1707.75,1718,1697,1707.75,1697,1718,1500,1500.0,1500,1500,750,750.0,750,750,750,68
1743790328,1703.0,1713,1692,1703.0,1692,1713,1500,1500.0,1500,1500,750,750.0,750,750,750,68
1743790329,1705.875,1716,1694,1705.875,1694,1716,1500,1500.0,1500,1500,750,750.0,750,750,750,69
1743790330,1703.125,1713,1692,1703.125,1692,1713,1500,1500.0,1500,1500,750,750.0,750,750,750,69
1743790332,1701.375,1712,1691,1701.375,1691,1712,1500,1500.0,1500,1500,750,750.0,750,750,750,69
1743790333,1695.75,1706,1686,1695.75,1686,1706,1500,1500.0,1500,1500,750,750.0,750,750,750,69
1743790334,1697.875,1708,1688,1697.875,1688,1708,1500,1500.0,1500,1500,750,750.0,750,750,750,69
1743790335,1700.75,1710,1690,1700.75,1690,1710,1500,1500.0,1500,1500,750,750.0,750,750,750,69
1743790336,1700.5,1710,1689,1700.5,1689,1710,1500,1500.0,1500,1500,750,750.0,750,750,750,69
1743790338,1692.875,1703,1682,1692.875,1682,1703,1500,1500.0,1500,1500,750,750.0,750,750,750,69
1743790339,1698.25,1709,1688,1698.25,1688,1709,1500,1500.0,1500,1500,750,750.0,750,750,750,70
1743790340,1696.375,1707,1686,1696.375,1686,1707,1500,1500.0,1500,1500,750,750.0,750,750,750,70
1743790341,1694.625,1705,1685,1694.625,1685,1705,1500,1500.0,1500,1500,750,750.0,750,750,750,70
1743790342,1694.875,1705,1685,1694.875,1685,1705,1500,1500.0,1500,1500,750,750.0,750,750,750,70
1743790343,1691.75,1701,1681,1691.75,1681,1701,1500,1500.0,1500,1500,750,750.0,750,750,750,70
1743790345,1695.375,1705,1685,1695.375,1685,1705,1500,1500.0,1500,1500,750,750.0,750,750,750,70
1743790346,1694.5,1704,1685,1694.5,1685,1704,1500,1500.0,1500,1500,750,750.0,750,750,750,70
1743790347,1685.75,1696,1677,1685.75,1677,1696,1500,1500.0,1500,1500,750,750.0,750,750,750,70
1743790348,1685.875,1696,1676,1685.875,1676,1696,1500,1500.0,1500,1500,750,750.0,750,750,750,70
1743790349,1690.625,1701,1681,1690.625,1681,1701,1500,1500.0,1500,1500,750,750.0,750,750,750,70
1743790351,1690.5,1700,1680,1690.5,1680,1700,1500,1500.0,1500,1500,750,750.0,750,750,750,70
1743790352,1688.125,1698,1678,1688.125,1678,1698,1499,1499.0,1499,1499,750,750.0,750,750,750,70
1743790353,1683.0,1693,1674,1683.0,1674,1693,1500,1500.0,1500,1500,750,750.0,750,750,750,70
1743790354,1728.875,1740,1719,1728.875,1719,1740,1499,1499.0,1499,1499,735,735.0,735,735,735,70
1743790355,1712.625,1723,1701,1712.625,1701,1723,1382,1382.0,1382,1382,750,750.0,750,750,750,70
1743790356,1696.5,1706,1686,1696.5,1686,1706,1447,1447.0,1447,1447,751,751.0,751,751,751,70
1743790358,1688.0,1698,1678,1688.0,1678,1698,1500,1500.0,1500,1500,751,751.0,751,751,751,70
1743790359,1690.875,1700,1681,1690.875,1681,1700,1500,1500.0,1500,1500,750,750.0,750,750,750,71
1743790360,1694.875,1705,1684,1694.875,1684,1705,1500,1500.0,1500,1500,750,750.0,750,750,750,71
1743790361,1694.125,1704,1684,1694.125,1684,1704,1500,1500.0,1500,1500,750,750.0,750,750,750,71
1743790362,1687.25,1697,1677,1687.25,1677,1697,1500,1500.0,1500,1500,750,750.0,750,750,750,71
1743790364,1700.75,1711,1689,1700.75,1689,1711,1500,1500.0,1500,1500,750,750.0,750,750,750,71
1743790365,1691.125,1701,1680,1691.125,1680,1701,1500,1500.0,1500,1500,750,750.0,750,750,750,71
1743790366,1690.375,1700,1679,1690.375,1679,1700,1500,1500.0,1500,1500,750,750.0,750,750,750,71
1743790367,1685.625,1695,1675,1685.625,1675,1695,1494,1494.0,1494,1494,749,749.0,749,749,749,71
1743790368,1686.25,1695,1676,1686.25,1676,1695,1500,1500.0,1500,1500,750,750.0,750,750,750,71
1743790369,1684.875,1694,1675,1684.875,1675,1694,1500,1500.0,1500,1500,750,750.0,750,750,750,71
1743790371,1685.5,1696,1675,1685.5,1675,1696,1500,1500.0,1500,1500,750,750.0,750,750,750,71
1743790372,1690.0,1700,1679,1690.0,1679,1700,1500,1500.0,1500,1500,750,750.0,750,750,750,71
1743790373,1761.5,1770,1746,1761.5,1746,1770,1354,1354.0,1354,1354,705,705.0,705,705,705,71
1743790374,1684.0,1695,1672,1684.0,1672,1695,1500,1500.0,1500,1500,750,750.0,750,750,750,71
1743790375,1679.875,1691,1668,1679.875,1668,1691,1497,1497.0,1497,1497,750,750.0,750,750,750,71
1743790377,1672.25,1682,1660,1672.25,1660,1682,1500,1500.0,1500,1500,750,750.0,750,750,750,71
1743790378,1687.0,1699,1676,1687.0,1676,1699,1493,1493.0,1493,1493,751,751.0,751,751,751,71
1743790379,1681.625,1692,1671,1681.625,1671,1692,1499,1499.0,1499,1499,750,750.0,750,750,750,71
1743790380,1677.125,1687,1668,1677.125,1668,1687,1494,1494.0,1494,1494,750,750.0,750,750,750,71
1743790381,1675.625,1687,1667,1675.625,1667,1687,1494,1494.0,1494,1494,750,750.0,750,750,750,71
1743790383,1671.625,1683,1663,1671.625,1663,1683,1499,1499.0,1499,1499,750,750.0,750,750,750,71
1743790384,1687.5,1697,1679,1687.5,1679,1697,1489,1489.0,1489,1489,750,750.0,750,750,750,71
1743790385,1676.125,1686,1668,1676.125,1668,1686,1499,1499.0,1499,1499,750,750.0,750,750,750,72
1743790386,1679.0,1689,1670,1679.0,1670,1689,1494,1494.0,1494,1494,750,750.0,750,750,750,72
1743790387,1672.75,1683,1665,1672.75,1665,1683,1499,1499.0,1499,1499,750,750.0,750,750,750,72
1743790388,1677.0,1687,1668,1677.0,1668,1687,1490,1490.0,1490,1490,751,751.0,751,751,751,72
1743790390,1683.375,1693,1674,1683.375,1674,1693,1488,1488.0,1488,1488,749,749.0,749,749,749,72
1743790391,1678.5,1689,1669,1678.5,1669,1689,1493,1493.0,1493,1493,750,750.0,750,750,750,72
1743790392,1703.75,1710,1693,1703.75,1693,1710,1415,1415.0,1415,1415,749,749.0,749,749,749,72
1743790393,1704.5,1712,1693,1704.5,1693,1712,1408,1408.0,1408,1408,750,750.0,750,750,750,71
1743790394,1677.875,1688,1669,1677.875,1669,1688,1487,1487.0,1487,1487,750,750.0,750,750,750,72
1743790396,1675.875,1686,1667,1675.875,1667,1686,1493,1493.0,1493,1493,750,750.0,750,750,750,72
1743790397,1680.375,1691,1672,1680.375,1672,1691,1486,1486.0,1486,1486,751,751.0,751,751,751,72
1743790398,1677.25,1688,1669,1677.25,1669,1688,1494,1494.0,1494,1494,751,751.0,751,751,751,72
1743790399,1682.625,1694,1673,1682.625,1673,1694,1480,1480.0,1480,1480,749,749.0,749,749,749,72
1743790400,1682.0,1693,1673,1682.0,1673,1693,1480,1480.0,1480,1480,749,749.0,749,749,749,72
1743790401,1685.0,1695,1676,1685.0,1676,1695,1486,1486.0,1486,1486,750,750.0,750,750,750,72
1743790403,1685.5,1695,1677,1685.5,1677,1695,1480,1480.0,1480,1480,750,750.0,750,750,750,72
1743790404,1682.5,1692,1674,1682.5,1674,1692,1485,1485.0,1485,1485,750,750.0,750,750,750,72
1743790405,1679.5,1690,1670,1679.5,1670,1690,1484,1484.0,1484,1484,750,750.0,750,750,750,72
1743790406,1683.125,1693,1674,1683.125,1674,1693,1484,1484.0,1484,1484,750,750.0,750,750,750,72
1743790407,1679.5,1690,1671,1679.5,1671,1690,1483,1483.0,1483,1483,750,750.0,750,750,750,72
1743790409,1684.875,1695,1677,1684.875,1677,1695,1480,1480.0,1480,1480,750,750.0,750,750,750,73
1743790410,1683.0,1693,1673,1683.0,1673,1693,1484,1484.0,1484,1484,750,750.0,750,750,750,73
1743790411,1685.375,1695,1672,1685.375,1672,1695,1470,1470.0,1470,1470,750,750.0,750,750,750,72
1743790412,1678.125,1688,1668,1678.125,1668,1688,1493,1493.0,1493,1493,750,750.0,750,750,750,72
1743790413,1682.375,1692,1673,1682.375,1673,1692,1480,1480.0,1480,1480,750,750.0,750,750,750,73
1743790414,1680.625,1691,1672,1680.625,1672,1691,1470,1470.0,1470,1470,749,749.0,749,749,749,73
1743790416,1686.125,1698,1677,1686.125,1677,1698,1470,1470.0,1470,1470,750,750.0,750,750,750,73
1743790417,1688.5,1699,1679,1688.5,1679,1699,1470,1470.0,1470,1470,751,751.0,751,751,751,73
1743790418,1681.25,1693,1672,1681.25,1672,1693,1472,1472.0,1472,1472,750,750.0,750,750,750,73
1743790419,1689.125,1700,1679,1689.125,1679,1700,1464,1464.0,1464,1464,750,750.0,750,750,750,73
1743790420,1685.25,1696,1675,1685.25,1675,1696,1470,1470.0,1470,1470,750,750.0,750,750,750,73
1743790422,1685.875,1696,1675,1685.875,1675,1696,1469,1469.0,1469,1469,750,750.0,750,750,750,73
1743790423,1685.75,1697,1675,1685.75,1675,1697,1466,1466.0,1466,1466,750,750.0,750,750,750,73
1743790424,1687.75,1698,1677,1687.75,1677,1698,1468,1468.0,1468,1468,751,751.0,751,751,751,73
1743790425,1684.125,1695,1674,1684.125,1674,1695,1467,1467.0,1467,1467,750,750.0,750,750,750,73
1743790426,1689.0,1699,1679,1689.0,1679,1699,1466,1466.0,1466,1466,751,751.0,751,751,751,73
1743790427,1685.625,1696,1675,1685.625,1675,1696,1462,1462.0,1462,1462,750,750.0,750,750,750,73
1743790429,1683.75,1694,1674,1683.75,1674,1694,1469,1469.0,1469,1469,750,750.0,750,750,750,73
1743790430,1723.125,1731,1711,1723.125,1711,1731,1342,1342.0,1342,1342,750,750.0,750,750,750,73
1743790431,1689.125,1699,1680,1689.125,1680,1699,1461,1461.0,1461,1461,750,750.0,750,750,750,73
1743790432,1677.5,1687,1669,1677.5,1669,1687,1481,1481.0,1481,1481,751,751.0,751,751,751,73
1743790433,1688.375,1698,1678,1688.375,1678,1698,1463,1463.0,1463,1463,750,750.0,750,750,750,73
1743790435,1678.5,1688,1669,1678.5,1669,1688,1482,1482.0,1482,1482,750,750.0,750,750,750,73
1743790436,1682.75,1692,1674,1682.75,1674,1692,1477,1477.0,1477,1477,750,750.0,750,750,750,73
1743790437,1684.75,1694,1675,1684.75,1675,1694,1473,1473.0,1473,1473,751,751.0,751,751,751,73
1743790438,1684.5,1694,1674,1684.5,1674,1694,1473,1473.0,1473,1473,750,750.0,750,750,750,73
1743790439,1689.125,1698,1680,1689.125,1680,1698,1466,1466.0,1466,1466,750,750.0,750,750,750,73
1743790440,1686.0,1696,1676,1686.0,1676,1696,1472,1472.0,1472,1472,750,750.0,750,750,750,73
1743790442,1684.625,1694,1675,1684.625,1675,1694,1473,1473.0,1473,1473,750,750.0,750,750,750,73
1743790443,1688.0,1698,1677,1688.0,1677,1698,1472,1472.0,1472,1472,750,750.0,750,750,750,73
1743790444,1682.5,1692,1672,1682.5,1672,1692,1473,1473.0,1473,1473,750,750.0,750,750,750,73
1743790445,1682.5,1692,1674,1682.5,1674,1692,1475,1475.0,1475,1475,750,750.0,750,750,750,73
1743790446,1685.875,1696,1676,1685.875,1676,1696,1468,1468.0,1468,1468,750,750.0,750,750,750,73
1743790448,1687.375,1697,1678,1687.375,1678,1697,1472,1472.0,1472,1472,750,750.0,750,750,750,73
1743790449,1711.5,1718,1704,1711.5,1704,1718,1386,1386.0,1386,1386,750,750.0,750,750,750,73
1743790450,1682.0,1693,1674,1682.0,1674,1693,1477,1477.0,1477,1477,751,751.0,751,751,751,73
1743790451,1684.75,1695,1675,1684.75,1675,1695,1470,1470.0,1470,1470,750,750.0,750,750,750,73
1743790452,1682.625,1693,1674,1682.625,1674,1693,1471,1471.0,1471,1471,750,750.0,750,750,750,74
1743790454,1682.5,1693,1672,1682.5,1672,1693,1474,1474.0,1474,1474,749,749.0,749,749,749,74
1743790455,1680.875,1691,1671,1680.875,1671,1691,1469,1469.0,1469,1469,750,750.0,750,750,750,74
1743790456,1686.75,1697,1677,1686.75,1677,1697,1468,1468.0,1468,1468,751,751.0,751,751,751,74
1743790457,1689.375,1700,1679,1689.375,1679,1700,1465,1465.0,1465,1465,750,750.0,750,750,750,74
1743790458,1684.375,1695,1675,1684.375,1675,1695,1467,1467.0,1467,1467,750,750.0,750,750,750,74
1743790459,1684.25,1695,1674,1684.25,1674,1695,1460,1460.0,1460,1460,749,749.0,749,749,749,74
1743790461,1690.5,1700,1681,1690.5,1681,1700,1461,1461.0,1461,1461,750,750.0,750,750,750,74
1743790462,1684.375,1695,1675,1684.375,1675,1695,1464,1464.0,1464,1464,749,749.0,749,749,749,74
1743790463,1688.5,1699,1678,1688.5,1678,1699,1461,1461.0,1461,1461,750,750.0,750,750,750,74
1743790464,1685.25,1695,1676,1685.25,1676,1695,1466,1466.0,1466,1466,750,750.0,750,750,750,74
1743790465,1685.875,1695,1676,1685.875,1676,1695,1468,1468.0,1468,1468,750,750.0,750,750,750,74
1743790467,1769.0,1776,1757,1769.0,1757,1776,1411,1411.0,1411,1411,688,688.0,688,688,688,74
1743790468,1703.25,1712,1692,1703.25,1692,1712,1423,1423.0,1423,1423,751,751.0,751,751,751,74
1743790469,1703.125,1713,1691,1703.125,1691,1713,1422,1422.0,1422,1422,750,750.0,750,750,750,74
1743790470,1696.5,1707,1686,1696.5,1686,1707,1453,1453.0,1453,1453,749,749.0,749,749,749,74
1743790471,1687.625,1697,1678,1687.625,1678,1697,1465,1465.0,1465,1465,750,750.0,750,750,750,74
1743790472,1686.375,1696,1676,1686.375,1676,1696,1462,1462.0,1462,1462,750,750.0,750,750,750,74
1743790474,1696.375,1706,1685,1696.375,1685,1706,1459,1459.0,1459,1459,750,750.0,750,750,750,74
1743790475,1685.5,1695,1675,1685.5,1675,1695,1467,1467.0,1467,1467,750,750.0,750,750,750,74
1743790476,1691.5,1701,1681,1691.5,1681,1701,1461,1461.0,1461,1461,751,751.0,751,751,751,74
1743790477,1684.75,1695,1674,1684.75,1674,1695,1462,1462.0,1462,1462,750,750.0,750,750,750,74
1743790478,1683.25,1694,1672,1683.25,1672,1694,1466,1466.0,1466,1466,749,749.0,749,749,749,74
1743790480,1692.125,1702,1681,1692.125,1681,1702,1458,1458.0,1458,1458,749,749.0,749,749,749,74
1743790481,1691.0,1702,1681,1691.0,1681,1702,1461,1461.0,1461,1461,750,750.0,750,750,750,74
1743790482,1684.75,1695,1674,1684.75,1674,1695,1466,1466.0,1466,1466,750,750.0,750,750,750,74
1743790483,1691.75,1703,1681,1691.75,1681,1703,1458,1458.0,1458,1458,750,750.0,750,750,750,74
1743790484,1692.125,1702,1681,1692.125,1681,1702,1456,1456.0,1456,1456,750,750.0,750,750,750,74
1743790485,1751.5,1760,1740,1751.5,1740,1760,1365,1365.0,1365,1365,680,680.0,680,680,680,74
1743790487,1707.375,1720,1693,1707.375,1693,1720,1400,1400.0,1400,1400,749,749.0,749,749,749,73
1743790488,1684.375,1696,1675,1684.375,1675,1696,1470,1470.0,1470,1470,751,751.0,751,751,751,74
1743790489,1692.375,1703,1682,1692.375,1682,1703,1454,1454.0,1454,1454,751,751.0,751,751,751,74
1743790490,1675.25,1686,1666,1675.25,1666,1686,1467,1467.0,1467,1467,749,749.0,749,749,749,74
1743790491,1690.25,1701,1679,1690.25,1679,1701,1462,1462.0,1462,1462,750,750.0,750,750,750,74
1743790493,1694.5,1704,1684,1694.5,1684,1704,1454,1454.0,1454,1454,750,750.0,750,750,750,74
1743790494,1684.875,1696,1674,1684.875,1674,1696,1462,1462.0,1462,1462,749,749.0,749,749,749,74
1743790495,1687.375,1697,1677,1687.375,1677,1697,1466,1466.0,1466,1466,750,750.0,750,750,750,74
1743790496,1687.25,1698,1677,1687.25,1677,1698,1467,1467.0,1467,1467,750,750.0,750,750,750,74
1743790497,1688.75,1699,1678,1688.75,1678,1699,1463,1463.0,1463,1463,750,750.0,750,750,750,74
1743790498,1689.875,1700,1678,1689.875,1678,1700,1466,1466.0,1466,1466,750,750.0,750,750,750,74
1743790500,1683.625,1694,1673,1683.625,1673,1694,1473,1473.0,1473,1473,751,751.0,751,751,751,74
1743790501,1691.125,1702,1680,1691.125,1680,1702,1467,1467.0,1467,1467,750,750.0,750,750,750,73
1743790502,1687.5,1698,1677,1687.5,1677,1698,1467,1467.0,1467,1467,750,750.0,750,750,750,73
1743790503,1690.625,1701,1680,1690.625,1680,1701,1463,1463.0,1463,1463,750,750.0,750,750,750,73
1743790504,1720.75,1727,1709,1720.75,1709,1727,1367,1367.0,1367,1367,744,744.0,744,744,744,73
1743790506,1699.5,1708,1690,1699.5,1690,1708,1423,1423.0,1423,1423,749,749.0,749,749,749,73
1743790507,1682.0,1693,1673,1682.0,1673,1693,1483,1483.0,1483,1483,750,750.0,750,750,750,73
1743790508,1682.75,1694,1674,1682.75,1674,1694,1478,1478.0,1478,1478,750,750.0,750,750,750,73
1743790509,1673.0,1684,1665,1673.0,1665,1684,1493,1493.0,1493,1493,750,750.0,750,750,750,73
1743790510,1677.875,1688,1669,1677.875,1669,1688,1487,1487.0,1487,1487,750,750.0,750,750,750,73
1743790511,1680.5,1692,1672,1680.5,1672,1692,1484,1484.0,1484,1484,750,750.0,750,750,750,73
1743790513,1685.125,1696,1675,1685.125,1675,1696,1482,1482.0,1482,1482,750,750.0,750,750,750,73
1743790514,1679.75,1690,1671,1679.75,1671,1690,1481,1481.0,1481,1481,750,750.0,750,750,750,73
1743790515,1679.125,1689,1671,1679.125,1671,1689,1478,1478.0,1478,1478,749,749.0,749,749,749,73
1743790516,1683.0,1693,1674,1683.0,1674,1693,1481,1481.0,1481,1481,750,750.0,750,750,750,73
1743790517,1682.25,1692,1674,1682.25,1674,1692,1482,1482.0,1482,1482,750,750.0,750,750,750,73
1743790519,1684.875,1695,1677,1684.875,1677,1695,1477,1477.0,1477,1477,750,750.0,750,750,750,73
1743790520,1680.375,1691,1671,1680.375,1671,1691,1477,1477.0,1477,1477,749,749.0,749,749,749,73
1743790521,1672.875,1683,1664,1672.875,1664,1683,1484,1484.0,1484,1484,750,750.0,750,750,750,73
1743790522,1678.625,1689,1669,1678.625,1669,1689,1481,1481.0,1481,1481,750,750.0,750,750,750,73
1743790523,1723.75,1733,1708,1723.75,1708,1733,1344,1344.0,1344,1344,749,749.0,749,749,749,73
1743790524,1685.0,1696,1674,1685.0,1674,1696,1478,1478.0,1478,1478,750,750.0,750,750,750,73
1743790526,1676.5,1688,1668,1676.5,1668,1688,1486,1486.0,1486,1486,750,750.0,750,750,750,73
1743790527,1686.0,1697,1676,1686.0,1676,1697,1473,1473.0,1473,1473,750,750.0,750,750,750,73
1743790528,1678.875,1689,1670,1678.875,1670,1689,1476,1476.0,1476,1476,750,750.0,750,750,750,73
1743790529,1687.125,1697,1677,1687.125,1677,1697,1470,1470.0,1470,1470,750,750.0,750,750,750,74
1743790530,1687.625,1698,1678,1687.625,1678,1698,1471,1471.0,1471,1471,750,750.0,750,750,750,74
1743790531,1684.5,1695,1676,1684.5,1676,1695,1472,1472.0,1472,1472,750,750.0,750,750,750,74
1743790533,1687.125,1697,1678,1687.125,1678,1697,1473,1473.0,1473,1473,750,750.0,750,750,750,74
1743790534,1681.5,1691,1672,1681.5,1672,1691,1481,1481.0,1481,1481,750,750.0,750,750,750,74
1743790535,1686.0,1696,1676,1686.0,1676,1696,1471,1471.0,1471,1471,750,750.0,750,750,750,74
1743790536,1685.75,1696,1675,1685.75,1675,1696,1467,1467.0,1467,1467,750,750.0,750,750,750,74
1743790537,1684.125,1694,1674,1684.125,1674,1694,1472,1472.0,1472,1472,750,750.0,750,750,750,74
1743790539,1686.375,1698,1677,1686.375,1677,1698,1470,1470.0,1470,1470,751,751.0,751,751,751,74
1743790540,1691.625,1702,1682,1691.625,1682,1702,1466,1466.0,1466,1466,750,750.0,750,750,750,74
1743790541,1688.0,1698,1677,1688.0,1677,1698,1468,1468.0,1468,1468,749,749.0,749,749,749,74
1743790542,137.5,142,135,137.5,135,142,1252,1252.0,1252,1252,188,188.0,188,188,188,70
1743790543,131.625,132,131,131.625,131,132,900,900.0,900,900,146,146.0,146,146,146,66
1743790544,131.625,132,131,131.625,131,132,900,900.0,900,900,144,144.0,144,144,144,64
1743790546,131.625,132,131,131.625,131,132,900,900.0,900,900,144,144.0,144,144,144,63
1743790547,131.625,132,131,131.625,131,132,900,900.0,900,900,143,143.0,143,143,143,62
1743790548,131.625,132,131,131.625,131,132,900,900.0,900,900,141,141.0,141,141,141,62
1743790549,131.625,132,131,131.625,131,132,900,900.0,900,900,142,142.0,142,142,142,61
1743790550,132.0,135,131,132.0,131,135,900,900.0,900,900,142,142.0,142,142,142,61
