Timestamp,gpu0_sclk_avg,gpu0_sclk_max,gpu0_sclk_min,gpu1_sclk_avg,gpu1_sclk_max,gpu1_sclk_min,gpu2_sclk_avg,gpu2_sclk_max,gpu2_sclk_min,gpu3_sclk_avg,gpu3_sclk_max,gpu3_sclk_min,gpu4_sclk_avg,gpu4_sclk_max,gpu4_sclk_min,gpu5_sclk_avg,gpu5_sclk_max,gpu5_sclk_min,gpu6_sclk_avg,gpu6_sclk_max,gpu6_sclk_min,gpu7_sclk_avg,gpu7_sclk_max,gpu7_sclk_min,all_gpu_sclk_avg,all_gpu_sclk_min,all_gpu_sclk_max,gpu0_mclk,gpu1_mclk,gpu2_mclk,gpu3_mclk,gpu4_mclk,gpu5_mclk,gpu6_mclk,gpu7_mclk,all_gpu_mclk_avg,all_gpu_mclk_min,all_gpu_mclk_max,gpu0_power,gpu1_power,gpu2_power,gpu3_power,gpu4_power,gpu5_power,gpu6_power,gpu7_power,all_gpu_power_avg,all_gpu_power_min,all_gpu_power_max,all_gpu_power_total,gpu0_temp,gpu1_temp,gpu2_temp,gpu3_temp,gpu4_temp,gpu5_temp,gpu6_temp,gpu7_temp
1743970086,2103.75,2115,2095,2106.5,2112,2101,2105.75,2114,2100,2106.0,2110,2098,2103.875,2106,2100,2106.375,2112,2100,2101.875,2106,2097,2105.625,2111,2099,2104.96875,2095,2115,900,900,900,900,900,900,900,900,900.0,900,900,155,150,152,167,167,152,163,152,157.25,150,167,1258,49,41,42,52,51,41,51,45
1743970088,2103.5,2115,2095,2106.625,2112,2101,2106.0,2114,2101,2106.125,2110,2098,2103.75,2106,2099,2106.375,2111,2101,2102.0,2107,2097,2105.625,2111,2100,2105.0,2095,2115,900,900,900,900,900,900,900,900,900.0,900,900,155,149,152,166,167,152,163,153,157.125,149,167,1257,49,41,42,52,51,41,51,44
1743970089,2103.75,2116,2095,2106.75,2112,2101,2106.125,2114,2101,2106.25,2110,2099,2103.75,2106,2099,2106.5,2112,2100,2102.0,2106,2096,2105.75,2111,2100,2105.109375,2095,2116,900,900,900,900,900,900,900,900,900.0,900,900,156,149,153,164,167,152,162,153,157.0,149,167,1256,49,41,42,52,51,41,50,44
1743970090,2104.125,2116,2095,2106.875,2112,2101,2105.75,2114,2100,2105.875,2110,2098,2103.875,2106,2100,2106.5,2112,2100,2102.25,2106,2097,2105.75,2112,2099,2105.125,2095,2116,900,900,900,900,900,900,900,900,900.0,900,900,156,149,153,165,167,152,163,152,157.125,149,167,1257,49,41,42,52,51,41,50,44
1743970091,2103.75,2115,2095,2106.375,2111,2100,2105.875,2114,2101,2106.125,2111,2099,2103.5,2106,2099,2106.125,2111,2100,2101.625,2106,2096,2105.75,2111,2100,2104.890625,2095,2115,900,900,900,900,900,900,900,900,900.0,900,900,155,149,152,166,167,151,162,153,156.875,149,167,1255,49,41,42,52,51,41,50,44
1743970093,2104.0,2116,2095,2106.75,2112,2100,2106.0,2114,2100,2106.125,2111,2099,2103.75,2106,2100,2106.25,2112,2100,2101.875,2107,2096,2105.625,2111,2099,2105.046875,2095,2116,900,900,900,900,900,900,900,900,900.0,900,900,154,149,153,166,167,152,161,153,156.875,149,167,1255,48,41,42,52,51,41,50,44
1743970094,2104.0,2115,2095,2106.625,2112,2100,2106.0,2114,2100,2106.125,2111,2099,2103.875,2107,2100,2106.375,2112,2100,2102.0,2107,2096,2105.625,2111,2100,2105.078125,2095,2115,900,900,900,900,900,900,900,900,900.0,900,900,155,149,152,166,167,152,162,153,157.0,149,167,1256,48,41,42,52,51,41,50,44
1743970095,2104.0,2116,2096,2106.25,2112,2100,2106.125,2113,2101,2106.0,2112,2099,2103.75,2106,2099,2106.5,2112,2101,2102.0,2106,2096,2105.5,2110,2100,2105.015625,2096,2116,900,900,900,900,900,900,900,900,900.0,900,900,155,149,152,165,166,152,162,152,156.625,149,166,1253,48,41,42,52,51,41,50,44
1743970096,2103.75,2116,2095,2106.25,2112,2101,2105.875,2113,2100,2105.75,2111,2099,2103.375,2106,2099,2106.5,2111,2100,2102.0,2107,2097,2105.375,2110,2100,2104.859375,2095,2116,900,900,900,900,900,900,900,900,900.0,900,900,154,149,152,165,167,152,161,153,156.625,149,167,1253,48,41,42,52,50,41,50,44
1743970098,2103.875,2115,2095,2106.5,2112,2101,2105.875,2113,2100,2105.875,2111,2099,2104.125,2107,2100,2106.75,2111,2101,2102.125,2106,2097,2106.0,2111,2100,2105.140625,2095,2115,900,900,900,900,900,900,900,900,900.0,900,900,155,149,152,164,167,152,161,153,156.625,149,167,1253,48,41,42,51,50,41,50,44
1743970099,2104.0,2116,2096,2106.5,2112,2101,2106.125,2113,2101,2105.875,2111,2099,2104.125,2107,2100,2107.0,2112,2100,2102.25,2107,2096,2105.625,2111,2100,2105.1875,2096,2116,900,900,900,900,900,900,900,900,900.0,900,900,154,148,152,165,166,152,162,152,156.375,148,166,1251,48,41,42,51,50,41,50,44
1743970100,2104.125,2115,2096,2106.5,2112,2101,2106.0,2114,2100,2106.0,2111,2099,2103.75,2106,2100,2106.875,2112,2100,2102.375,2107,2096,2105.875,2111,2099,2105.1875,2096,2115,900,900,900,900,900,900,900,900,900.0,900,900,154,149,152,165,166,152,162,153,156.625,149,166,1253,48,41,42,51,50,41,50,44
1743970102,2103.75,2115,2095,2106.125,2111,2100,2105.625,2113,2100,2105.625,2111,2098,2103.375,2106,2099,2106.375,2111,2100,2101.875,2107,2096,2105.625,2111,2099,2104.796875,2095,2115,900,900,900,900,900,900,900,900,900.0,900,900,156,149,152,166,166,152,162,153,157.0,149,166,1256,48,41,42,51,50,41,50,44
1743970103,2104.0,2115,2096,2106.5,2112,2100,2105.875,2113,2100,2105.625,2111,2099,2103.625,2106,2099,2107.0,2112,2100,2102.25,2107,2096,2105.875,2111,2100,2105.09375,2096,2115,900,900,900,900,900,900,900,900,900.0,900,900,155,149,153,166,166,152,162,152,156.875,149,166,1255,48,41,42,51,50,41,50,44
1743970104,2103.75,2115,2096,2106.5,2111,2100,2105.875,2113,2100,2105.875,2110,2099,2103.625,2106,2099,2107.0,2112,2100,2102.375,2107,2096,2105.75,2111,2099,2105.09375,2096,2115,900,900,900,900,900,900,900,900,900.0,900,900,154,149,152,165,167,152,161,153,156.625,149,167,1253,48,41,42,51,50,41,50,44
1743970105,2103.875,2115,2096,2106.625,2112,2100,2105.75,2113,2100,2106.125,2111,2099,2103.5,2106,2099,2106.75,2111,2100,2102.25,2107,2096,2105.75,2111,2100,2105.078125,2096,2115,900,900,900,900,900,900,900,900,900.0,900,900,154,149,153,165,166,152,161,153,156.625,149,166,1253,48,41,42,51,50,41,50,44
1743970107,2103.75,2116,2095,2106.875,2112,2101,2105.5,2113,2100,2105.75,2110,2098,2103.25,2106,2099,2106.25,2111,2100,2101.875,2107,2096,2105.125,2110,2099,2104.796875,2095,2116,900,900,900,900,900,900,900,900,900.0,900,900,155,149,152,165,165,152,161,153,156.5,149,165,1252,48,41,42,51,50,41,50,44
1743970108,2104.25,2116,2096,2106.875,2112,2101,2106.0,2114,2100,2106.125,2110,2099,2103.625,2106,2099,2107.0,2112,2100,2102.375,2107,2097,2105.75,2111,2099,2105.25,2096,2116,900,900,900,900,900,900,900,900,900.0,900,900,154,149,152,165,167,152,160,152,156.375,149,167,1251,48,41,42,51,50,41,50,44
1743970109,2104.125,2116,2096,2106.625,2112,2100,2106.25,2114,2101,2106.0,2110,2098,2103.75,2107,2099,2106.75,2112,2100,2102.25,2107,2096,2105.5,2111,2099,2105.15625,2096,2116,900,900,900,900,900,900,900,900,900.0,900,900,155,149,152,164,166,152,160,153,156.375,149,166,1251,48,41,42,51,50,41,50,44
1743970111,2104.0,2116,2096,2106.625,2112,2100,2106.0,2113,2101,2105.875,2110,2098,2103.875,2107,2099,2106.75,2112,2101,2102.0,2106,2096,2105.5,2111,2099,2105.078125,2096,2116,900,900,900,900,900,900,900,900,900.0,900,900,154,150,152,165,166,152,161,153,156.625,150,166,1253,48,41,42,51,50,41,50,44
1743970112,2103.125,2114,2095,2106.125,2112,2100,2105.625,2114,2100,2105.875,2110,2098,2103.0,2106,2098,2105.875,2110,2100,2101.625,2106,2096,2105.375,2111,2099,2104.578125,2095,2114,900,900,900,900,900,900,900,900,900.0,900,900,154,149,152,165,166,152,161,152,156.375,149,166,1251,48,41,42,51,50,41,49,44
1743970113,2103.625,2115,2095,2106.75,2112,2101,2106.0,2114,2101,2106.0,2111,2098,2103.75,2106,2099,2106.875,2112,2100,2102.0,2107,2096,2105.625,2111,2100,2105.078125,2095,2115,900,900,900,900,900,900,900,900,900.0,900,900,154,149,152,164,166,152,161,154,156.5,149,166,1252,48,41,42,51,50,41,49,44
1743970114,2103.625,2115,2095,2106.625,2112,2100,2106.0,2113,2101,2106.0,2111,2098,2103.75,2106,2099,2106.75,2112,2101,2102.375,2106,2096,2105.75,2111,2100,2105.109375,2095,2115,900,900,900,900,900,900,900,900,900.0,900,900,154,149,152,165,166,152,161,153,156.5,149,166,1252,48,41,42,51,50,41,49,44
1743970116,2103.625,2115,2095,2106.875,2112,2101,2106.0,2114,2100,2106.25,2111,2099,2103.75,2106,2099,2106.75,2112,2100,2102.25,2107,2096,2105.5,2111,2099,2105.125,2095,2115,900,900,900,900,900,900,900,900,900.0,900,900,154,148,152,165,166,152,161,152,156.25,148,166,1250,48,41,41,51,50,41,49,44
1743970117,2103.125,2114,2095,2106.125,2112,2100,2105.375,2113,2100,2105.5,2111,2098,2102.875,2105,2098,2105.375,2111,2099,2101.875,2106,2096,2105.125,2110,2099,2104.421875,2095,2114,900,900,900,900,900,900,900,900,900.0,900,900,154,149,152,164,166,152,160,153,156.25,149,166,1250,47,41,42,51,50,41,49,44
1743970118,2103.75,2115,2095,2106.625,2112,2100,2106.125,2114,2101,2106.25,2111,2099,2103.625,2106,2099,2107.0,2113,2100,2102.375,2106,2097,2105.625,2111,2100,2105.171875,2095,2115,900,900,900,900,900,900,900,900,900.0,900,900,153,148,152,164,166,152,160,153,156.0,148,166,1248,47,41,41,51,49,41,49,44
1743970120,2103.625,2115,2095,2106.75,2112,2101,2106.125,2114,2100,2106.125,2111,2099,2103.75,2106,2099,2106.875,2112,2100,2102.25,2107,2096,2105.625,2111,2099,2105.140625,2095,2115,900,900,900,900,900,900,900,900,900.0,900,900,154,148,152,164,166,152,160,152,156.0,148,166,1248,47,40,41,50,49,41,49,44
1743970121,2103.875,2115,2096,2106.75,2112,2101,2105.875,2114,2101,2106.125,2111,2099,2103.625,2106,2099,2106.75,2112,2100,2102.125,2107,2096,2105.625,2111,2099,2105.09375,2096,2115,900,900,900,900,900,900,900,900,900.0,900,900,154,149,152,164,165,152,161,152,156.125,149,165,1249,47,40,41,50,49,41,49,44
1743970122,2103.625,2115,2095,2106.0,2111,2100,2105.375,2113,2100,2105.875,2111,2098,2102.5,2105,2098,2106.0,2111,2099,2101.75,2106,2096,2105.375,2110,2099,2104.5625,2095,2115,900,900,900,900,900,900,900,900,900.0,900,900,154,149,152,163,165,152,160,153,156.0,149,165,1248,47,40,41,50,49,41,49,44
1743970123,2104.125,2116,2096,2106.5,2112,2101,2106.125,2114,2101,2106.25,2111,2099,2103.0,2106,2099,2107.125,2112,2100,2102.25,2107,2096,2106.125,2111,2100,2105.1875,2096,2116,900,900,900,900,900,900,900,900,900.0,900,900,153,148,152,164,165,152,161,153,156.0,148,165,1248,47,40,41,50,49,41,49,44
1743970125,2104.25,2116,2095,2106.5,2112,2100,2106.0,2114,2101,2106.375,2111,2099,2103.25,2106,2099,2107.125,2113,2101,2102.375,2107,2096,2105.875,2111,2100,2105.21875,2095,2116,900,900,900,900,900,900,900,900,900.0,900,900,154,148,152,165,166,152,160,152,156.125,148,166,1249,47,40,41,50,49,41,49,44
1743970126,2094.25,2105,2086,2097.0,2101,2092,2096.25,2104,2089,2096.875,2104,2089,2095.25,2097,2094,2096.875,2102,2091,2092.25,2100,2085,2096.125,2101,2092,2095.609375,2085,2105,1499,1499,1499,1499,1499,1499,1499,1499,1499.0,1499,1499,380,368,372,388,387,374,390,376,379.375,368,390,3035,50,44,45,53,52,43,52,47
1743970127,2103.0,2115,2095,2105.75,2112,2100,2104.375,2112,2098,2105.0,2110,2097,2101.75,2104,2098,2103.0,2108,2097,2100.375,2104,2095,2104.25,2110,2098,2103.4375,2095,2115,900,900,900,900,900,900,900,900,900.0,900,900,197,194,196,207,211,195,206,196,200.25,194,211,1602,53,47,48,57,56,46,56,51
1743970129,1757.125,1775,1736,1751.5,1770,1738,1726.0,1743,1706,1717.5,1728,1706,1720.25,1733,1707,1727.0,1744,1711,1719.625,1735,1703,1708.125,1724,1695,1728.390625,1695,1775,1490,1490,1496,1499,1485,1481,1496,1484,1490.125,1481,1499,876,855,867,871,871,869,890,864,870.375,855,890,6963,59,52,53,61,60,52,62,55
1743970130,1737.75,1753,1723,1745.5,1767,1731,1713.0,1730,1693,1699.875,1713,1686,1721.875,1740,1709,1712.75,1734,1700,1691.0,1708,1675,1706.0,1725,1692,1715.96875,1675,1767,1486,1486,1494,1498,1485,1489,1490,1491,1489.875,1485,1498,870,852,868,888,875,867,890,856,870.75,852,890,6966,63,55,57,65,63,56,65,58
1743970131,1746.125,1761,1731,1739.375,1761,1723,1717.625,1738,1697,1719.875,1733,1706,1715.75,1735,1703,1722.75,1742,1711,1720.375,1738,1701,1709.625,1726,1696,1723.9375,1696,1761,1488,1492,1500,1491,1486,1493,1494,1492,1492.0,1486,1500,872,861,871,881,887,875,884,860,873.875,860,887,6991,65,57,58,68,64,57,66,59
1743970132,1723.875,1741,1705,1712.125,1733,1696,1717.625,1736,1697,1696.875,1711,1681,1711.0,1729,1696,1723.5,1736,1712,1705.5,1723,1687,1710.0,1728,1696,1712.5625,1681,1741,1489,1490,1494,1493,1490,1488,1497,1494,1491.875,1488,1497,858,845,860,868,867,846,879,855,859.75,845,879,6878,66,58,59,71,65,59,67,60
1743970134,1776.5,1794,1758,1781.625,1803,1764,1759.375,1778,1738,1746.0,1759,1730,1751.75,1769,1738,1772.25,1790,1760,1747.875,1765,1732,1757.0,1773,1743,1761.546875,1730,1803,1493,1496,1499,1493,1487,1497,1491,1497,1494.125,1487,1499,880,868,878,894,877,870,894,869,878.75,868,894,7030,67,59,60,73,67,59,68,60
1743970135,1768.25,1784,1750,1773.25,1792,1756,1750.375,1768,1729,1733.0,1745,1717,1745.0,1764,1731,1760.75,1777,1749,1733.0,1749,1717,1745.75,1763,1733,1751.171875,1717,1792,1490,1496,1493,1494,1489,1490,1494,1490,1492.0,1489,1496,884,865,867,893,886,867,902,877,880.125,865,902,7041,67,59,61,74,68,60,69,61
1743970136,1751.5,1767,1735,1750.125,1772,1735,1717.25,1735,1697,1715.0,1726,1700,1725.125,1743,1711,1739.25,1754,1728,1712.5,1728,1697,1739.75,1756,1727,1731.3125,1697,1772,1494,1494,1496,1494,1486,1493,1490,1498,1493.125,1486,1498,881,867,876,888,887,872,890,874,879.375,867,890,7035,68,60,61,75,69,61,69,61
1743970137,1736.625,1752,1719,1746.875,1768,1732,1708.125,1725,1688,1692.75,1708,1678,1715.625,1733,1701,1715.625,1732,1703,1685.125,1703,1669,1712.75,1728,1700,1714.1875,1669,1768,1493,1493,1495,1493,1480,1485,1485,1487,1488.875,1480,1495,877,852,868,873,883,870,896,870,873.625,852,896,6989,69,60,62,76,70,61,70,62
1743970139,1719.5,1734,1703,1720.0,1742,1705,1697.875,1715,1677,1668.75,1683,1654,1700.375,1719,1687,1711.875,1730,1700,1672.75,1688,1656,1690.0,1707,1676,1697.640625,1654,1742,1490,1498,1500,1500,1485,1494,1498,1498,1495.375,1485,1500,876,851,871,872,883,869,881,861,870.5,851,883,6964,69,61,62,76,71,62,70,62
1743970140,1710.0,1724,1693,1701.0,1717,1687,1701.75,1721,1681,1653.125,1663,1637,1685.875,1705,1674,1697.875,1715,1686,1649.5,1666,1632,1678.625,1695,1665,1684.71875,1632,1724,1491,1500,1500,1494,1497,1498,1498,1500,1497.25,1491,1500,869,845,867,862,885,857,869,849,862.875,845,885,6903,70,61,63,77,72,62,71,62
1743970141,1715.375,1730,1699,1727.0,1748,1712,1672.375,1691,1652,1672.75,1685,1659,1707.25,1726,1694,1718.25,1734,1706,1691.75,1707,1673,1715.25,1732,1702,1702.5,1652,1748,1492,1491,1499,1499,1483,1494,1487,1493,1492.25,1483,1499,864,847,850,863,870,855,881,871,862.625,847,881,6901,71,62,63,77,72,63,72,63
1743970142,1752.375,1766,1736,1764.375,1785,1749,1731.875,1752,1710,1717.75,1732,1703,1720.375,1740,1708,1754.625,1769,1741,1724.5,1739,1706,1742.75,1759,1729,1738.578125,1703,1785,1484,1495,1493,1498,1485,1493,1494,1494,1492.0,1484,1498,879,870,860,891,886,870,899,879,879.25,860,899,7034,71,62,64,78,73,63,72,63
1743970144,1760.875,1777,1743,1770.5,1791,1754,1744.5,1763,1723,1726.75,1740,1711,1736.375,1757,1722,1755.875,1773,1744,1719.75,1736,1704,1745.25,1761,1732,1744.984375,1704,1791,1483,1493,1498,1496,1494,1490,1493,1497,1493.0,1483,1498,887,875,874,896,894,876,911,883,887.0,874,911,7096,72,63,64,79,74,64,73,64
1743970145,1733.75,1749,1717,1749.25,1769,1734,1682.5,1702,1666,1692.125,1707,1677,1712.875,1734,1699,1716.125,1732,1705,1691.0,1708,1675,1721.25,1737,1708,1712.359375,1666,1769,1487,1489,1496,1500,1490,1488,1491,1492,1491.625,1487,1500,883,860,858,883,875,864,894,867,873.0,858,894,6984,73,63,65,80,74,64,74,64
1743970146,1741.0,1755,1723,1726.75,1745,1711,1662.75,1682,1641,1679.0,1693,1663,1687.5,1708,1675,1689.875,1707,1678,1697.0,1717,1679,1691.375,1708,1677,1696.90625,1641,1755,1489,1493,1499,1496,1498,1482,1494,1492,1492.875,1482,1499,866,852,845,876,878,853,892,855,864.625,845,892,6917,73,64,65,80,75,65,74,65
1743970148,1707.375,1723,1691,1726.25,1746,1710,1680.125,1699,1658,1667.375,1681,1653,1663.875,1684,1647,1684.25,1700,1672,1667.0,1684,1652,1676.375,1694,1662,1684.078125,1647,1746,1488,1490,1500,1500,1495,1495,1495,1498,1495.125,1488,1500,872,858,847,873,871,846,884,849,862.5,846,884,6900,74,64,65,80,75,65,75,65
1743970149,1708.625,1724,1692,1708.0,1727,1692,1664.0,1683,1642,1648.625,1662,1633,1669.625,1689,1657,1682.875,1700,1672,1641.5,1657,1625,1668.75,1686,1655,1674.0,1625,1727,1493,1495,1500,1498,1491,1494,1495,1500,1495.75,1491,1500,881,855,837,863,874,838,877,839,858.0,837,881,6864,74,64,66,81,76,65,75,65
1743970150,1714.25,1729,1699,1721.375,1741,1705,1688.375,1706,1667,1657.25,1671,1642,1685.625,1704,1671,1705.125,1722,1692,1665.75,1681,1649,1686.5,1703,1673,1690.53125,1642,1741,1488,1494,1499,1498,1491,1495,1487,1490,1492.75,1487,1499,878,855,855,871,876,857,883,856,866.375,855,883,6931,75,65,66,81,76,65,76,65
1743970151,1740.375,1756,1723,1755.75,1775,1739,1717.875,1737,1695,1689.125,1702,1674,1719.5,1740,1706,1739.125,1756,1728,1706.125,1722,1689,1733.625,1750,1719,1725.1875,1674,1775,1482,1497,1499,1489,1492,1492,1484,1493,1491.0,1482,1499,886,860,873,894,890,871,906,869,881.125,860,906,7049,75,65,66,81,77,66,76,65
1743970153,1760.75,1776,1743,1777.875,1797,1762,1735.625,1756,1713,1722.5,1737,1706,1731.0,1752,1717,1743.75,1761,1731,1709.75,1728,1691,1747.5,1764,1734,1741.09375,1691,1797,1480,1492,1498,1496,1490,1488,1490,1492,1490.75,1480,1498,893,871,879,900,897,879,908,878,888.125,871,908,7105,76,65,66,82,77,66,77,66
1743970154,1720.25,1735,1704,1719.125,1738,1703,1678.0,1700,1655,1652.125,1667,1639,1689.25,1710,1676,1703.5,1722,1690,1680.125,1696,1664,1667.5,1683,1653,1688.734375,1639,1738,1490,1492,1500,1499,1498,1499,1495,1493,1495.75,1490,1500,882,848,842,872,886,859,900,842,866.375,842,900,6931,76,65,66,82,78,66,77,64
1743970155,1732.375,1748,1715,1726.75,1745,1710,1660.5,1678,1639,1665.375,1679,1650,1689.25,1709,1676,1700.0,1716,1687,1684.75,1701,1666,1699.75,1719,1687,1694.84375,1639,1748,1496,1495,1500,1498,1480,1491,1485,1496,1492.625,1480,1500,883,857,840,868,904,867,906,859,873.0,840,906,6984,76,65,66,82,78,66,77,64
1743970157,1732.5,1748,1716,1733.375,1752,1717,1709.0,1729,1686,1678.75,1692,1663,1693.875,1714,1681,1710.75,1727,1698,1690.125,1706,1673,1699.25,1717,1685,1705.953125,1663,1752,1490,1499,1500,1499,1492,1492,1492,1497,1495.125,1490,1500,882,865,877,880,904,873,911,866,882.25,865,911,7058,77,66,67,83,78,66,78,64
1743970158,1740.5,1756,1723,1769.75,1789,1753,1726.375,1746,1703,1692.25,1706,1677,1721.5,1742,1708,1746.75,1764,1734,1693.5,1710,1675,1720.875,1737,1706,1726.4375,1675,1789,1488,1498,1496,1499,1497,1497,1494,1492,1495.125,1488,1499,895,874,880,900,900,882,922,880,891.625,874,922,7133,77,66,67,84,79,66,78,65
1743970159,1720.75,1736,1704,1710.75,1729,1694,1695.625,1717,1672,1654.0,1669,1640,1676.625,1696,1664,1697.5,1714,1685,1679.5,1697,1660,1685.875,1702,1671,1690.078125,1640,1736,1492,1495,1500,1499,1493,1499,1494,1500,1496.5,1492,1500,882,855,868,871,899,867,902,858,875.25,855,902,7002,77,67,67,84,79,66,78,64
1743970160,1707.375,1723,1690,1695.75,1715,1680,1678.75,1698,1656,1665.625,1681,1653,1670.0,1690,1657,1666.25,1683,1653,1668.5,1686,1649,1655.625,1676,1641,1675.984375,1641,1723,1494,1500,1490,1493,1495,1492,1496,1494,1494.25,1490,1500,873,848,859,872,885,840,898,848,865.375,840,898,6923,77,66,67,84,79,66,78,64
1743970162,1731.5,1748,1714,1748.25,1769,1731,1708.75,1728,1686,1688.875,1705,1673,1706.375,1727,1693,1723.125,1743,1710,1686.625,1703,1666,1708.5,1724,1694,1712.75,1666,1769,1492,1498,1496,1499,1489,1492,1487,1495,1493.5,1487,1499,896,863,872,902,911,873,921,864,887.75,863,921,7102,77,67,67,84,79,66,79,64
1743970163,1751.5,1768,1727,1757.75,1778,1742,1733.875,1753,1711,1713.75,1727,1700,1709.5,1729,1698,1745.125,1760,1732,1701.75,1719,1682,1723.875,1739,1710,1729.640625,1682,1778,1492,1494,1499,1491,1492,1491,1487,1494,1492.5,1487,1499,892,870,882,905,909,886,922,882,893.5,870,922,7148,78,67,67,85,80,66,79,64
1743970164,1709.25,1724,1693,1739.375,1759,1723,1716.875,1734,1694,1668.25,1683,1654,1690.875,1711,1678,1718.25,1736,1705,1673.5,1690,1653,1699.375,1717,1684,1701.96875,1653,1759,1486,1494,1500,1494,1492,1491,1488,1499,1493.0,1486,1500,884,867,875,889,910,862,907,861,881.875,861,910,7055,78,68,67,85,80,66,79,64
1743970165,1699.25,1715,1682,1722.875,1743,1707,1708.25,1729,1685,1659.25,1673,1645,1684.625,1705,1672,1702.875,1717,1690,1664.25,1682,1635,1678.625,1695,1663,1690.0,1635,1743,1496,1489,1495,1499,1492,1496,1497,1497,1495.125,1489,1499,882,864,870,889,909,862,904,858,879.75,858,909,7038,78,68,67,85,80,66,79,64
1743970167,1713.0,1728,1695,1709.625,1730,1694,1700.375,1720,1677,1676.125,1689,1662,1680.75,1700,1669,1713.125,1731,1701,1667.125,1683,1649,1681.75,1697,1669,1692.734375,1649,1731,1494,1493,1500,1496,1499,1492,1493,1496,1495.375,1492,1500,883,854,863,885,897,872,898,853,875.625,853,898,7005,78,68,67,85,80,66,79,64
1743970168,1696.125,1712,1680,1710.625,1730,1696,1688.625,1708,1666,1652.625,1667,1638,1682.375,1703,1670,1686.75,1704,1673,1643.75,1660,1625,1665.0,1681,1647,1678.234375,1625,1730,1495,1499,1500,1499,1491,1493,1496,1500,1496.625,1491,1500,882,850,861,880,894,863,884,840,869.25,840,894,6954,78,68,67,84,80,66,79,64
1743970169,1702.5,1720,1688,1724.75,1744,1710,1693.375,1712,1670,1658.875,1672,1645,1694.125,1713,1682,1700.375,1716,1688,1652.125,1669,1633,1703.125,1720,1689,1691.15625,1633,1744,1490,1494,1500,1500,1499,1496,1496,1499,1496.75,1490,1500,883,850,868,893,900,867,894,862,877.125,850,900,7017,78,68,67,85,80,66,79,64
1743970170,1726.5,1742,1710,1713.625,1734,1696,1711.0,1731,1688,1685.125,1697,1670,1677.125,1697,1665,1709.0,1728,1696,1660.875,1678,1643,1700.125,1716,1685,1697.921875,1643,1742,1493,1494,1496,1499,1494,1497,1488,1491,1494.0,1488,1499,888,855,863,884,899,856,887,863,874.375,855,899,6995,78,68,67,85,80,66,79,64
1743970172,1749.5,1765,1733,1756.375,1777,1739,1737.75,1757,1715,1714.625,1728,1699,1721.625,1740,1710,1740.375,1759,1726,1710.75,1727,1693,1741.375,1757,1727,1734.046875,1693,1777,1489,1494,1500,1499,1495,1495,1493,1497,1495.25,1489,1500,895,856,876,900,910,886,916,872,888.875,856,916,7111,78,68,67,85,80,66,79,64
1743970173,1726.875,1742,1710,1750.25,1771,1732,1720.0,1737,1697,1672.0,1687,1657,1707.375,1727,1695,1729.75,1745,1717,1673.625,1690,1654,1722.25,1739,1708,1712.765625,1654,1771,1489,1496,1491,1500,1492,1499,1495,1497,1494.875,1489,1500,893,863,877,884,909,880,908,874,886.0,863,909,7088,78,68,67,85,80,66,79,64
1743970174,1732.5,1748,1715,1758.25,1781,1732,1738.0,1757,1714,1681.125,1694,1666,1706.75,1726,1695,1737.75,1756,1723,1692.0,1708,1672,1730.75,1747,1716,1722.140625,1666,1781,1484,1488,1500,1498,1493,1497,1492,1496,1493.5,1484,1500,892,865,873,886,902,870,911,870,883.625,865,911,7069,78,68,66,85,80,65,79,63
1743970175,1705.375,1721,1688,1729.875,1750,1714,1666.375,1685,1645,1647.625,1661,1632,1682.875,1702,1671,1722.75,1739,1710,1646.375,1662,1627,1695.5,1712,1681,1687.09375,1627,1750,1492,1497,1498,1499,1492,1495,1493,1495,1495.125,1492,1499,881,856,836,870,901,854,885,854,867.125,836,901,6937,77,68,66,84,80,65,79,63
1743970177,1728.375,1744,1711,1756.0,1776,1740,1713.625,1732,1691,1682.125,1697,1667,1704.125,1723,1692,1736.125,1755,1722,1687.75,1705,1667,1722.5,1739,1708,1716.328125,1667,1776,1482,1492,1497,1499,1496,1498,1486,1494,1493.0,1482,1499,890,868,858,891,907,864,911,872,882.625,858,911,7061,77,68,65,84,80,65,79,63
1743970178,1717.5,1734,1699,1732.75,1753,1717,1691.0,1710,1667,1662.75,1677,1648,1678.25,1698,1666,1709.875,1727,1696,1665.5,1685,1646,1694.0,1711,1680,1693.953125,1646,1753,1487,1490,1499,1496,1496,1497,1495,1499,1494.875,1487,1499,889,859,843,881,897,857,898,857,872.625,843,898,6981,77,68,65,84,79,64,78,63
1743970179,1728.375,1745,1710,1752.5,1773,1737,1696.125,1717,1670,1667.0,1681,1653,1702.0,1723,1689,1734.5,1753,1721,1685.75,1703,1666,1720.875,1737,1707,1710.890625,1653,1773,1489,1491,1500,1497,1492,1490,1489,1498,1493.25,1489,1500,883,859,852,891,896,865,907,868,877.625,852,907,7021,77,68,65,84,79,64,78,63
1743970180,1703.875,1721,1686,1713.625,1733,1697,1674.875,1693,1654,1644.0,1658,1630,1660.75,1681,1648,1688.0,1706,1674,1655.75,1674,1636,1693.0,1710,1678,1679.234375,1630,1733,1496,1492,1499,1494,1490,1493,1488,1492,1493.0,1488,1499,869,845,830,870,876,834,886,851,857.625,830,886,6861,76,67,64,84,78,64,78,62
1743970182,1732.625,1749,1714,1744.875,1765,1729,1698.625,1718,1675,1677.0,1691,1663,1702.125,1723,1689,1711.0,1728,1699,1684.375,1702,1665,1719.125,1735,1702,1708.71875,1663,1765,1485,1496,1499,1493,1495,1498,1489,1497,1494.0,1485,1499,884,856,858,890,899,860,902,863,876.5,856,902,7012,76,67,64,83,78,63,78,62
1743970183,1745.625,1763,1729,1737.875,1756,1722,1710.875,1730,1688,1687.0,1701,1671,1692.625,1717,1676,1719.5,1736,1700,1690.5,1708,1670,1712.25,1728,1697,1712.03125,1670,1763,1490,1497,1500,1497,1486,1490,1497,1495,1494.0,1486,1500,885,859,864,878,893,868,905,864,877.0,859,905,7016,76,67,64,83,78,63,77,62
1743970184,1750.875,1768,1732,1748.625,1768,1732,1705.375,1723,1683,1690.625,1706,1676,1705.5,1726,1689,1729.375,1745,1716,1701.625,1719,1681,1734.625,1751,1719,1720.828125,1676,1768,1490,1497,1500,1493,1491,1488,1485,1495,1492.375,1485,1500,882,861,863,884,904,871,897,875,879.625,861,904,7037,76,67,64,83,78,63,77,62
1743970186,1747.5,1763,1728,1736.5,1755,1719,1700.375,1717,1679,1686.625,1700,1672,1689.625,1708,1676,1729.0,1743,1715,1686.875,1705,1667,1711.0,1727,1698,1710.9375,1667,1763,1493,1492,1500,1497,1488,1491,1494,1500,1494.375,1488,1500,877,862,851,875,892,876,891,861,873.125,851,892,6985,75,67,63,82,78,63,77,62
1743970187,1743.125,1758,1725,1753.5,1772,1735,1717.0,1736,1695,1674.5,1689,1661,1708.5,1730,1694,1744.75,1761,1733,1689.875,1707,1673,1732.625,1748,1719,1720.484375,1661,1772,1489,1494,1500,1496,1491,1496,1493,1495,1494.25,1489,1500,884,860,852,886,910,870,907,862,878.875,852,910,7031,75,67,64,82,78,63,77,61
1743970188,1733.625,1749,1715,1717.75,1736,1701,1672.375,1689,1651,1663.875,1677,1648,1686.875,1707,1674,1692.875,1708,1682,1680.875,1699,1660,1686.0,1703,1672,1691.78125,1648,1749,1496,1495,1500,1499,1484,1493,1492,1499,1494.75,1484,1500,880,853,842,867,904,858,904,844,869.0,842,904,6952,75,67,63,82,78,63,77,61
1743970189,1726.125,1741,1707,1745.5,1764,1727,1724.75,1742,1703,1672.5,1687,1659,1707.375,1728,1694,1731.375,1748,1720,1684.875,1702,1665,1714.875,1730,1702,1713.421875,1659,1764,1492,1496,1500,1496,1494,1489,1494,1499,1495.0,1489,1500,882,863,870,885,906,873,906,862,880.875,862,906,7047,75,67,63,82,78,63,77,61
1743970191,1743.375,1758,1725,1751.25,1769,1734,1733.625,1752,1712,1701.75,1718,1688,1713.75,1734,1700,1743.125,1760,1731,1702.5,1720,1684,1721.375,1736,1708,1726.34375,1684,1769,1492,1499,1500,1496,1491,1495,1499,1496,1496.0,1491,1500,880,862,870,897,896,867,912,864,881.0,862,912,7048,75,67,63,82,77,63,76,61
1743970192,1712.125,1727,1695,1722.75,1741,1705,1711.375,1731,1689,1646.125,1661,1634,1689.125,1711,1676,1704.625,1719,1692,1671.875,1689,1654,1680.625,1697,1667,1692.328125,1634,1741,1492,1500,1500,1494,1494,1499,1497,1500,1497.0,1492,1500,878,861,857,866,893,853,891,852,868.875,852,893,6951,75,67,63,82,77,62,76,61
1743970193,1749.0,1764,1731,1772.75,1792,1755,1746.5,1765,1724,1707.25,1722,1695,1729.0,1749,1716,1758.125,1776,1741,1703.0,1720,1685,1735.0,1751,1722,1737.578125,1685,1792,1479,1494,1499,1498,1491,1489,1489,1491,1491.25,1479,1499,883,863,873,895,907,878,913,869,885.125,863,913,7081,74,67,63,81,77,62,76,61
1743970194,1742.625,1759,1720,1764.125,1783,1747,1726.125,1743,1704,1699.5,1712,1685,1722.375,1741,1708,1734.125,1750,1721,1700.375,1719,1680,1732.625,1748,1719,1727.734375,1680,1783,1482,1497,1499,1499,1488,1494,1492,1499,1493.75,1482,1499,884,870,867,895,901,880,912,864,884.125,864,912,7073,74,67,63,82,77,62,76,61
1743970196,1736.125,1753,1713,1734.625,1753,1718,1724.75,1742,1703,1694.5,1711,1677,1694.375,1714,1681,1723.125,1737,1712,1696.375,1714,1674,1693.25,1713,1679,1712.140625,1674,1753,1490,1495,1500,1498,1483,1494,1494,1499,1494.125,1483,1500,878,865,875,887,904,869,912,862,881.5,862,912,7052,74,67,63,82,77,62,76,61
1743970197,1715.75,1730,1700,1733.0,1753,1717,1707.0,1724,1685,1667.0,1681,1652,1696.5,1716,1683,1701.125,1718,1688,1666.125,1684,1647,1693.625,1712,1680,1697.515625,1647,1753,1494,1495,1500,1492,1495,1495,1489,1496,1494.5,1489,1500,875,859,859,882,900,861,903,854,874.125,854,903,6993,74,67,63,81,77,62,75,60
1743970198,1742.375,1758,1725,1744.125,1764,1723,1724.25,1744,1702,1688.875,1705,1672,1703.5,1723,1690,1736.75,1757,1722,1698.75,1716,1681,1716.875,1733,1703,1719.4375,1672,1764,1493,1493,1499,1496,1489,1495,1496,1492,1494.125,1489,1499,880,870,869,897,905,862,903,870,882.0,862,905,7056,73,67,63,81,77,62,75,60
1743970200,1724.875,1740,1708,1725.25,1745,1710,1706.5,1724,1685,1701.875,1716,1687,1703.5,1723,1689,1711.5,1728,1700,1683.0,1700,1664,1707.875,1723,1694,1708.046875,1664,1745,1488,1499,1496,1498,1493,1493,1492,1494,1494.125,1488,1499,868,837,861,880,894,865,893,861,869.875,837,894,6959,73,67,63,81,76,62,75,60
1743970201,1729.375,1745,1711,1728.875,1748,1714,1720.75,1739,1698,1693.875,1710,1677,1695.25,1715,1682,1730.25,1745,1718,1685.875,1703,1662,1699.875,1718,1683,1710.515625,1662,1748,1492,1496,1499,1498,1493,1491,1494,1492,1494.375,1491,1499,874,855,852,889,900,871,899,855,874.375,852,900,6995,73,67,63,81,76,62,75,60
1743970202,1709.75,1725,1693,1712.125,1731,1698,1712.125,1731,1689,1673.875,1688,1657,1692.625,1712,1679,1712.875,1728,1700,1661.5,1679,1641,1671.75,1690,1658,1693.328125,1641,1731,1490,1500,1497,1500,1493,1499,1493,1499,1496.375,1490,1500,869,838,854,879,894,850,878,841,862.875,838,894,6903,73,67,62,81,76,62,74,60
1743970203,1718.125,1742,1699,1724.75,1745,1710,1700.5,1719,1678,1677.25,1689,1663,1701.375,1721,1688,1702.875,1718,1690,1651.375,1667,1632,1714.625,1732,1700,1698.859375,1632,1745,1494,1494,1498,1499,1498,1494,1490,1498,1495.625,1490,1499,867,845,852,870,879,858,871,847,861.125,845,879,6889,73,67,62,80,76,62,74,60
1743970205,1724.5,1740,1706,1732.375,1752,1717,1705.625,1723,1683,1669.75,1685,1655,1701.125,1721,1688,1711.0,1726,1699,1660.125,1678,1642,1718.625,1735,1705,1702.890625,1642,1752,1488,1496,1498,1500,1489,1489,1492,1495,1493.375,1488,1500,873,848,848,868,886,853,885,862,865.375,848,886,6923,73,67,62,80,76,61,74,60
1743970206,1731.125,1746,1713,1736.25,1755,1721,1725.125,1742,1704,1687.125,1702,1672,1707.625,1728,1695,1732.25,1747,1719,1685.875,1703,1665,1720.5,1738,1706,1715.734375,1665,1755,1491,1490,1498,1497,1483,1496,1493,1498,1493.25,1483,1498,878,861,865,887,896,872,897,870,878.25,861,897,7026,73,67,62,80,76,62,74,60
1743970207,1733.375,1749,1715,1740.75,1759,1726,1727.375,1745,1705,1682.0,1694,1666,1710.75,1731,1698,1732.25,1745,1719,1676.0,1692,1655,1727.0,1745,1713,1716.1875,1655,1759,1482,1493,1500,1498,1491,1496,1489,1495,1493.0,1482,1500,877,861,866,885,897,874,904,863,878.375,861,904,7027,73,67,62,80,76,62,74,60
1743970208,1730.0,1746,1712,1723.875,1743,1708,1678.625,1698,1657,1677.5,1693,1663,1687.0,1705,1674,1706.875,1721,1695,1684.625,1701,1664,1697.0,1714,1683,1698.1875,1657,1746,1489,1496,1500,1496,1490,1499,1488,1496,1494.25,1488,1500,871,845,832,861,879,855,877,850,858.75,832,879,6870,73,67,62,80,76,61,74,60
1743970210,1728.875,1744,1711,1732.875,1752,1717,1702.75,1721,1681,1675.25,1690,1659,1701.25,1721,1689,1732.875,1748,1718,1677.0,1694,1657,1717.625,1735,1705,1708.5625,1657,1752,1493,1490,1500,1493,1494,1496,1484,1495,1493.125,1484,1500,868,858,847,870,894,861,892,862,869.0,847,894,6952,73,67,62,80,76,61,74,60
1743970211,1772.0,1788,1754,1784.625,1804,1769,1760.125,1780,1735,1736.5,1750,1720,1739.625,1759,1727,1774.625,1789,1762,1733.5,1751,1712,1758.75,1776,1746,1757.46875,1712,1804,1490,1496,1497,1493,1490,1495,1489,1497,1493.375,1489,1497,882,867,866,889,900,873,904,878,882.375,866,904,7059,73,67,62,80,75,61,74,60
1743970212,1756.875,1772,1740,1758.75,1778,1743,1729.0,1748,1706,1711.0,1726,1694,1723.375,1744,1711,1744.625,1759,1731,1703.125,1719,1682,1735.0,1753,1722,1732.71875,1682,1778,1493,1492,1496,1496,1489,1499,1491,1492,1493.5,1489,1499,891,874,864,894,900,881,905,874,885.375,864,905,7083,73,67,62,80,75,61,74,60
1743970213,1751.75,1767,1735,1761.75,1782,1746,1701.125,1722,1678,1706.25,1721,1690,1717.125,1738,1705,1717.875,1732,1706,1712.0,1728,1691,1739.25,1757,1724,1725.890625,1678,1782,1488,1499,1500,1491,1488,1492,1487,1491,1492.0,1487,1500,881,865,858,886,901,869,904,867,878.875,858,904,7031,73,67,62,80,75,61,74,60
1743970215,1732.25,1748,1716,1725.875,1746,1710,1696.625,1718,1672,1675.375,1689,1659,1669.625,1690,1657,1692.125,1708,1680,1678.625,1694,1658,1689.0,1706,1676,1694.9375,1657,1748,1494,1500,1500,1500,1492,1492,1495,1495,1496.0,1492,1500,881,857,850,877,884,839,888,850,865.75,839,888,6926,73,67,62,80,75,61,74,60
1743970216,1728.125,1743,1712,1715.5,1735,1700,1696.875,1717,1673,1660.625,1674,1645,1686.25,1706,1673,1707.125,1723,1697,1681.25,1697,1661,1698.25,1716,1684,1696.75,1645,1743,1495,1493,1500,1495,1489,1497,1494,1496,1494.875,1489,1500,876,852,842,866,881,856,887,850,863.75,842,887,6910,73,67,62,80,75,61,73,60
1743970217,1740.375,1756,1724,1724.875,1744,1709,1701.5,1721,1678,1685.875,1701,1671,1678.625,1699,1665,1718.75,1733,1700,1688.125,1704,1668,1702.375,1719,1688,1705.0625,1665,1756,1493,1497,1500,1498,1489,1499,1495,1500,1496.375,1489,1500,880,854,850,879,886,857,894,859,869.875,850,894,6959,73,67,62,80,75,61,74,60
1743970218,1737.125,1753,1720,1733.5,1753,1717,1684.5,1704,1663,1680.5,1695,1663,1697.75,1715,1685,1706.75,1722,1694,1672.25,1689,1650,1704.75,1722,1691,1702.140625,1650,1753,1491,1492,1500,1496,1495,1487,1484,1497,1492.75,1484,1500,872,848,831,867,874,863,881,848,860.5,831,881,6884,73,67,62,80,75,61,73,60
1743970220,1746.75,1763,1730,1729.25,1748,1712,1702.25,1719,1680,1691.25,1706,1673,1706.5,1726,1694,1725.25,1739,1712,1703.0,1720,1682,1715.25,1732,1702,1714.9375,1673,1763,1487,1493,1500,1498,1488,1497,1488,1493,1493.0,1487,1500,871,848,852,869,890,867,887,854,867.25,848,890,6938,72,67,62,80,75,61,73,60
1743970221,1718.5,1734,1702,1708.5,1728,1694,1681.0,1699,1658,1661.875,1676,1645,1691.75,1713,1680,1686.0,1699,1674,1682.25,1699,1661,1685.625,1703,1672,1689.4375,1645,1734,1494,1500,1500,1498,1498,1499,1498,1496,1497.875,1494,1500,871,844,837,863,893,847,890,830,859.375,830,893,6875,72,67,62,79,75,61,73,60
1743970222,1737.25,1753,1720,1737.75,1758,1721,1693.0,1712,1671,1685.0,1699,1668,1711.375,1732,1699,1708.25,1724,1696,1690.5,1707,1669,1712.875,1728,1699,1709.5,1668,1758,1490,1491,1500,1496,1491,1491,1494,1496,1493.625,1490,1500,885,857,857,876,893,862,898,855,872.875,855,898,6983,72,67,62,79,75,61,74,60
1743970224,1743.25,1759,1726,1731.25,1750,1716,1716.5,1736,1693,1690.875,1705,1672,1693.875,1714,1682,1715.125,1732,1701,1702.5,1719,1682,1701.25,1718,1688,1711.828125,1672,1759,1488,1495,1497,1498,1491,1496,1494,1498,1494.625,1488,1498,874,863,869,877,893,874,898,858,875.75,858,898,7006,73,67,62,80,75,61,74,60
1743970225,1745.875,1762,1730,1759.375,1778,1743,1741.125,1760,1719,1706.125,1721,1690,1718.875,1739,1706,1745.125,1759,1731,1706.125,1722,1685,1737.625,1753,1724,1732.53125,1685,1778,1484,1491,1500,1499,1491,1498,1493,1493,1493.625,1484,1500,880,865,875,892,903,875,906,870,883.25,865,906,7066,73,67,62,80,75,61,74,60
1743970226,1750.375,1766,1734,1737.875,1757,1722,1736.5,1757,1713,1712.5,1727,1696,1709.75,1729,1697,1741.875,1756,1730,1711.625,1728,1688,1727.625,1745,1714,1728.515625,1688,1766,1485,1491,1500,1498,1490,1490,1492,1493,1492.375,1485,1500,884,861,873,892,898,883,914,873,884.75,861,914,7078,73,67,62,80,76,62,74,60
1743970227,1723.25,1740,1707,1735.125,1755,1719,1698.625,1716,1676,1677.5,1691,1661,1699.75,1719,1686,1693.125,1711,1680,1673.375,1689,1651,1684.5,1701,1669,1698.15625,1651,1755,1494,1500,1496,1498,1492,1499,1491,1491,1495.125,1491,1500,873,849,862,869,891,844,890,844,865.25,844,891,6922,73,68,62,80,76,61,74,60
1743970229,1740.875,1759,1721,1750.625,1770,1733,1730.25,1750,1707,1704.375,1719,1688,1711.875,1732,1699,1738.5,1756,1726,1702.125,1718,1680,1716.375,1732,1703,1724.375,1680,1770,1489,1493,1498,1497,1491,1494,1493,1497,1494.0,1489,1498,879,862,865,892,901,868,902,869,879.75,862,902,7038,73,68,62,80,76,62,74,60
1743970230,1753.75,1768,1738,1751.375,1771,1735,1725.125,1745,1702,1716.5,1729,1701,1699.125,1717,1687,1732.375,1746,1721,1710.0,1726,1689,1724.625,1741,1711,1726.609375,1687,1771,1489,1492,1495,1500,1489,1497,1497,1493,1494.0,1489,1500,882,863,872,891,908,876,907,867,883.25,863,908,7066,73,68,62,80,76,62,74,60
1743970231,1720.625,1738,1704,1738.875,1758,1723,1722.75,1741,1701,1680.875,1695,1665,1700.5,1720,1688,1721.875,1737,1709,1682.5,1700,1655,1691.0,1708,1676,1707.375,1655,1758,1485,1496,1500,1500,1491,1496,1490,1497,1494.375,1485,1500,878,860,866,877,896,869,897,856,874.875,856,897,6999,73,68,62,80,76,62,74,60
1743970232,1712.375,1727,1694,1713.75,1733,1696,1714.625,1734,1691,1676.25,1690,1662,1688.625,1709,1677,1706.75,1720,1694,1673.875,1690,1651,1685.375,1703,1671,1696.453125,1651,1734,1486,1500,1500,1499,1491,1492,1490,1500,1494.75,1486,1500,875,850,860,878,895,856,890,841,868.125,841,895,6945,73,67,62,80,76,61,74,60
1743970234,1713.375,1732,1699,1702.0,1721,1687,1696.75,1716,1674,1681.875,1696,1666,1685.875,1706,1673,1703.625,1719,1691,1671.125,1689,1648,1669.625,1686,1656,1690.53125,1648,1732,1492,1496,1500,1500,1498,1500,1499,1499,1498.0,1492,1500,858,845,853,868,889,857,875,834,859.875,834,889,6879,72,67,62,80,76,62,74,60
1743970235,1724.875,1741,1707,1731.5,1750,1715,1719.625,1739,1697,1683.5,1695,1668,1703.125,1723,1690,1729.625,1744,1717,1672.125,1689,1651,1684.5,1702,1671,1706.109375,1651,1750,1494,1497,1496,1496,1495,1493,1489,1499,1494.875,1489,1499,876,860,862,879,895,863,893,842,871.25,842,895,6970,73,67,62,80,76,62,74,60
1743970236,1751.125,1770,1735,1745.875,1767,1728,1714.25,1733,1691,1704.75,1716,1689,1720.0,1740,1708,1727.75,1741,1715,1698.875,1716,1678,1729.375,1745,1716,1724.0,1678,1770,1495,1496,1500,1497,1492,1496,1489,1498,1495.375,1489,1500,885,865,867,895,904,878,910,868,884.0,865,910,7072,73,67,63,80,76,62,74,60
1743970237,1702.125,1719,1684,1708.375,1727,1693,1711.125,1729,1689,1663.0,1677,1647,1696.125,1716,1684,1709.125,1725,1695,1671.0,1688,1649,1709.625,1726,1697,1696.3125,1647,1729,1494,1498,1497,1495,1498,1497,1497,1487,1495.375,1487,1498,863,842,852,866,889,852,881,861,863.25,842,889,6906,73,67,63,80,76,62,74,60
1743970239,1752.125,1768,1735,1748.75,1767,1734,1725.75,1743,1703,1707.75,1723,1691,1729.625,1749,1716,1746.625,1760,1733,1700.625,1717,1680,1748.5,1765,1736,1732.46875,1680,1768,1491,1498,1496,1497,1491,1495,1490,1488,1493.25,1488,1498,885,862,862,889,899,868,905,867,879.625,862,905,7037,73,67,63,80,76,62,74,60
1743970240,1756.25,1773,1739,1749.5,1770,1733,1732.875,1752,1710,1716.0,1731,1699,1717.0,1737,1705,1741.0,1757,1729,1714.875,1734,1690,1737.5,1752,1724,1733.125,1690,1773,1487,1495,1499,1496,1492,1495,1494,1496,1494.25,1487,1499,879,863,876,895,898,880,899,883,884.125,863,899,7073,73,68,63,80,76,62,74,60
1743970241,1740.375,1758,1723,1754.125,1775,1739,1713.125,1732,1690,1678.375,1693,1663,1712.875,1733,1700,1720.5,1736,1708,1694.25,1711,1671,1730.25,1746,1718,1717.984375,1663,1775,1493,1500,1500,1499,1495,1498,1492,1497,1496.75,1492,1500,879,855,865,881,893,872,904,863,876.5,855,904,7012,73,68,63,80,76,62,74,60
1743970242,1770.5,1788,1753,1754.125,1774,1738,1732.375,1752,1709,1726.5,1740,1712,1715.125,1735,1703,1752.75,1768,1741,1715.25,1733,1694,1742.25,1758,1730,1738.609375,1694,1788,1495,1494,1498,1499,1490,1494,1487,1495,1494.0,1487,1499,892,868,871,893,898,882,906,875,885.625,868,906,7085,73,68,63,80,76,62,74,60
1743970244,1718.25,1736,1703,1723.75,1745,1708,1676.5,1695,1655,1666.0,1679,1649,1683.75,1704,1672,1699.25,1714,1686,1668.125,1686,1646,1692.875,1709,1680,1691.0625,1646,1745,1494,1497,1500,1500,1489,1499,1496,1497,1496.5,1489,1500,867,856,836,866,900,846,888,856,864.375,836,900,6915,73,68,62,80,76,62,74,60
1743970245,1719.0,1736,1702,1735.625,1756,1719,1672.125,1693,1645,1669.5,1684,1654,1686.75,1707,1675,1703.375,1718,1690,1676.5,1694,1655,1700.375,1717,1687,1695.40625,1645,1756,1487,1493,1500,1495,1495,1497,1490,1498,1494.375,1487,1500,875,851,840,870,883,855,895,860,866.125,840,895,6929,73,68,62,80,76,62,74,60
1743970246,1724.375,1742,1708,1723.375,1744,1708,1676.5,1695,1655,1669.0,1683,1653,1682.875,1702,1670,1696.0,1710,1683,1684.875,1705,1662,1697.125,1713,1684,1694.265625,1653,1744,1491,1490,1499,1499,1498,1496,1494,1493,1495.0,1490,1499,873,862,834,867,876,838,885,850,860.625,834,885,6885,73,68,62,80,76,62,74,60
1743970248,1725.5,1743,1709,1736.25,1756,1721,1700.875,1719,1679,1684.25,1698,1668,1700.0,1720,1687,1718.375,1733,1705,1673.625,1691,1652,1707.0,1723,1694,1705.734375,1652,1756,1491,1500,1500,1495,1498,1494,1495,1496,1496.125,1491,1500,875,856,847,878,890,860,890,856,869.0,847,890,6952,73,68,62,80,76,62,74,60
1743970249,1845.375,1862,1828,1851.5,1868,1834,1800.0,1818,1778,1794.125,1808,1778,1818.875,1836,1807,1845.0,1860,1832,1812.875,1828,1792,1820.25,1834,1807,1823.5,1778,1868,1489,1491,1498,1496,1494,1489,1495,1490,1492.75,1489,1498,864,835,844,865,873,841,887,849,857.25,835,887,6858,73,68,62,80,76,62,75,60
1743970250,1837.5,1852,1823,1841.25,1857,1821,1815.625,1833,1793,1765.5,1778,1751,1794.375,1811,1780,1820.0,1834,1806,1794.0,1807,1775,1795.125,1811,1783,1807.921875,1751,1857,1492,1490,1499,1500,1498,1496,1499,1500,1496.75,1490,1500,864,836,831,851,861,843,867,834,848.375,831,867,6787,73,67,62,80,76,62,75,60
1743970251,1736.375,1753,1722,1719.0,1735,1699,1700.0,1718,1681,1675.75,1687,1662,1686.75,1708,1670,1720.5,1735,1706,1696.0,1711,1676,1692.0,1707,1677,1703.296875,1662,1753,1490,1495,1500,1491,1496,1497,1485,1499,1494.125,1485,1500,869,842,854,859,880,853,884,849,861.25,842,884,6890,73,68,62,80,76,62,75,60
1743970253,1768.5,1784,1753,1769.125,1785,1749,1749.75,1767,1728,1736.5,1750,1724,1732.875,1755,1717,1774.375,1789,1760,1732.75,1748,1713,1753.875,1770,1742,1752.21875,1713,1789,1483,1491,1498,1493,1497,1497,1491,1490,1492.5,1483,1498,881,859,869,892,907,870,915,870,882.875,859,915,7063,73,68,62,80,76,62,74,60
1743970254,1766.375,1783,1752,1776.25,1793,1757,1751.375,1769,1730,1721.625,1735,1707,1733.375,1752,1718,1765.25,1779,1751,1718.625,1734,1700,1751.125,1766,1739,1748.0,1700,1793,1487,1500,1493,1498,1496,1499,1488,1494,1494.375,1487,1500,889,870,873,894,910,875,917,879,888.375,870,917,7107,73,68,63,81,76,62,75,60
1743970255,1719.375,1734,1705,1717.875,1734,1698,1667.5,1684,1646,1668.625,1681,1653,1695.375,1713,1680,1693.0,1706,1679,1678.75,1695,1659,1686.5,1699,1674,1690.875,1646,1734,1495,1494,1500,1500,1497,1499,1498,1499,1497.75,1494,1500,880,850,841,871,888,842,893,839,863.0,839,893,6904,73,68,62,81,76,62,75,60
1743970256,1742.25,1758,1728,1748.5,1765,1728,1731.375,1749,1709,1695.75,1708,1681,1715.0,1733,1700,1744.875,1759,1729,1705.125,1720,1686,1735.0,1750,1723,1727.234375,1681,1765,1489,1492,1496,1499,1488,1497,1494,1498,1494.125,1488,1499,887,868,868,891,904,870,909,875,884.0,868,909,7072,73,68,62,81,76,62,75,60
1743970258,1754.75,1769,1740,1762.5,1778,1744,1721.375,1738,1700,1704.125,1716,1688,1717.875,1736,1703,1737.125,1750,1723,1703.25,1719,1683,1734.875,1750,1722,1729.484375,1683,1778,1489,1496,1496,1498,1489,1494,1491,1497,1493.75,1489,1498,889,869,874,897,897,869,907,875,884.625,869,907,7077,73,68,63,81,76,62,75,60
1743970259,1740.25,1756,1727,1729.125,1745,1711,1721.625,1739,1700,1694.625,1709,1683,1695.25,1713,1680,1725.5,1739,1709,1703.375,1719,1683,1715.875,1731,1704,1715.703125,1680,1756,1488,1490,1499,1496,1490,1492,1488,1494,1492.125,1488,1499,885,871,870,897,898,877,904,863,883.125,863,904,7065,73,68,63,81,76,62,75,60
1743970260,1720.375,1736,1706,1722.125,1738,1704,1694.75,1712,1673,1655.875,1668,1641,1695.0,1713,1680,1702.25,1719,1686,1669.5,1685,1651,1686.0,1700,1673,1693.234375,1641,1738,1494,1500,1500,1494,1490,1499,1495,1496,1496.0,1490,1500,879,849,855,860,888,850,895,849,865.625,849,895,6925,73,68,63,81,76,62,75,60
1743970261,1757.5,1772,1743,1770.25,1787,1751,1752.0,1769,1730,1717.375,1730,1702,1737.875,1756,1723,1756.0,1769,1742,1713.125,1728,1692,1743.5,1759,1731,1743.453125,1692,1787,1490,1493,1498,1484,1500,1493,1485,1499,1492.75,1484,1500,875,860,871,887,895,868,908,871,879.375,860,908,7035,73,68,63,81,76,62,75,60
1743970263,1737.75,1755,1722,1743.0,1759,1723,1727.125,1745,1705,1691.125,1703,1677,1701.75,1720,1687,1735.25,1749,1721,1691.75,1708,1673,1721.75,1738,1711,1718.6875,1673,1759,1494,1496,1496,1496,1490,1494,1493,1494,1494.125,1490,1496,885,862,861,893,905,866,912,867,881.375,861,912,7051,73,68,63,81,76,62,75,60
1743970264,1729.875,1745,1717,1740.5,1756,1721,1702.75,1719,1682,1684.375,1696,1671,1697.75,1715,1683,1697.625,1711,1684,1688.25,1704,1665,1705.875,1718,1694,1705.875,1665,1756,1489,1496,1499,1497,1495,1489,1492,1499,1494.5,1489,1499,885,867,872,890,904,865,903,858,880.5,858,904,7044,73,68,63,81,76,62,75,60
1743970265,1739.0,1753,1723,1732.75,1748,1715,1718.25,1736,1696,1697.875,1712,1683,1700.5,1717,1686,1723.25,1738,1708,1701.5,1717,1678,1715.125,1728,1704,1716.03125,1678,1753,1495,1499,1500,1496,1488,1496,1498,1492,1495.5,1488,1500,886,862,870,886,905,877,901,863,881.25,862,905,7050,73,68,63,81,76,62,75,60
1743970267,1833.625,1848,1817,1824.0,1839,1807,1826.375,1842,1805,1811.5,1822,1798,1839.25,1856,1826,1835.625,1850,1821,1783.0,1798,1764,1818.875,1835,1803,1821.53125,1764,1856,1497,1493,1495,1497,1489,1491,1488,1489,1492.375,1488,1497,857,834,842,863,875,853,874,837,854.375,834,875,6835,73,68,63,81,76,62,75,60
1743970268,1748.0,1764,1732,1759.375,1775,1740,1740.75,1757,1720,1709.375,1721,1696,1723.625,1741,1709,1747.25,1762,1732,1696.25,1712,1674,1724.25,1738,1713,1731.109375,1674,1775,1493,1492,1500,1499,1496,1494,1496,1498,1496.0,1492,1500,881,869,869,901,907,873,912,863,884.375,863,912,7075,73,68,63,81,76,62,75,60
1743970269,1720.125,1735,1705,1720.125,1738,1698,1704.0,1719,1684,1685.625,1697,1672,1709.375,1726,1695,1701.0,1715,1686,1661.0,1676,1643,1690.75,1704,1679,1699.0,1643,1738,1494,1498,1500,1499,1500,1493,1497,1500,1497.625,1493,1500,865,849,856,871,887,851,870,833,860.25,833,887,6882,73,68,62,81,76,62,74,60
1743970270,1755.875,1769,1745,1777.875,1791,1763,1736.625,1749,1719,1693.5,1700,1685,1729.0,1741,1720,1727.75,1736,1716,1701.625,1712,1689,1731.75,1741,1722,1731.75,1685,1791,1500,1500,1500,1500,1500,1500,1500,1500,1500.0,1500,1500,812,778,778,800,813,758,799,760,787.25,758,813,6298,73,67,62,80,76,61,74,60
1743970272,1824.25,1832,1813,1856.5,1869,1851,1788.625,1798,1775,1713.875,1718,1708,1798.375,1810,1793,1759.125,1767,1753,1743.0,1760,1730,1796.0,1803,1790,1784.96875,1708,1869,1500,1500,1500,1500,1500,1500,1500,1500,1500.0,1500,1500,714,690,694,692,728,681,688,650,692.125,650,728,5537,68,61,59,74,71,57,71,59
1743970273,1827.0,1834,1816,1859.0,1871,1854,1792.0,1801,1778,1717.625,1723,1712,1803.25,1815,1798,1759.875,1770,1754,1752.875,1765,1740,1822.125,1828,1817,1791.71875,1712,1871,1500,1500,1500,1500,1500,1500,1500,1500,1500.0,1500,1500,708,686,693,695,731,679,678,627,687.125,627,731,5497,66,58,58,70,69,55,70,59
1743970274,1825.25,1833,1813,1856.5,1869,1851,1791.0,1799,1777,1728.0,1733,1723,1806.25,1818,1802,1766.25,1776,1761,1748.0,1758,1735,1783.125,1790,1776,1788.046875,1723,1869,1500,1500,1500,1500,1500,1500,1500,1500,1500.0,1500,1500,703,681,686,694,722,675,709,687,694.625,675,722,5557,65,57,57,69,68,55,69,58
1743970275,1826.375,1834,1815,1868.875,1882,1862,1805.75,1814,1793,1793.75,1799,1789,1850.625,1861,1846,1817.5,1827,1813,1786.75,1795,1776,1818.5,1824,1811,1821.015625,1776,1882,1500,1500,1500,1500,1499,1500,1500,1500,1499.875,1499,1500,706,667,631,640,666,622,649,634,651.875,622,706,5215,65,57,57,69,68,54,69,58
1743970277,1836.625,1845,1824,1861.25,1874,1856,1781.0,1789,1767,1751.625,1760,1745,1808.5,1820,1804,1759.25,1768,1753,1750.375,1760,1739,1800.0,1805,1793,1793.578125,1739,1874,1500,1500,1500,1500,1500,1500,1500,1500,1500.0,1500,1500,701,688,679,702,727,674,689,659,689.875,659,727,5519,64,56,56,68,68,54,69,58
1743970278,1843.375,1851,1831,1865.25,1878,1861,1785.875,1793,1774,1759.75,1765,1754,1790.5,1799,1784,1792.125,1802,1787,1755.5,1764,1744,1784.5,1790,1778,1797.109375,1744,1878,1500,1500,1500,1500,1500,1500,1500,1500,1500.0,1500,1500,690,674,666,693,693,675,705,689,685.625,666,705,5485,64,56,56,68,68,54,68,58
1743970279,1844.625,1852,1834,1855.0,1868,1850,1787.0,1794,1775,1763.625,1769,1758,1806.0,1814,1800,1817.875,1825,1814,1758.375,1768,1747,1787.875,1795,1781,1802.546875,1747,1868,1500,1500,1500,1500,1500,1500,1500,1500,1500.0,1500,1500,690,661,655,684,687,681,701,682,680.125,655,701,5441,64,56,56,68,67,54,68,58
1743970280,1865.5,1873,1855,1892.75,1903,1888,1813.75,1821,1801,1783.625,1789,1778,1815.25,1824,1809,1815.0,1823,1809,1779.5,1787,1769,1803.375,1810,1798,1821.09375,1769,1903,1500,1500,1500,1500,1500,1500,1500,1500,1500.0,1500,1500,658,632,626,661,660,648,677,649,651.375,626,677,5211,64,56,56,68,67,54,68,58
1743970282,1829.875,1838,1819,1857.875,1870,1853,1780.875,1789,1769,1766.0,1771,1759,1810.625,1819,1803,1819.875,1827,1816,1783.875,1792,1774,1803.5,1810,1797,1806.5625,1759,1870,1500,1500,1500,1500,1500,1500,1500,1500,1500.0,1500,1500,728,694,667,669,659,638,669,647,671.375,638,728,5371,64,56,56,68,67,54,68,58
1743970283,1829.75,1838,1819,1844.25,1857,1838,1779.375,1788,1766,1749.25,1754,1743,1790.5,1799,1784,1790.625,1798,1786,1772.875,1782,1762,1794.25,1802,1788,1793.859375,1743,1857,1500,1500,1500,1500,1500,1500,1500,1500,1500.0,1500,1500,712,677,675,697,700,683,713,687,693.0,675,713,5544,64,55,56,67,67,53,68,57
1743970284,1828.625,1836,1819,1855.0,1869,1846,1775.75,1784,1763,1756.0,1761,1749,1806.5,1812,1801,1831.125,1839,1825,1810.5,1819,1800,1831.5,1837,1826,1811.875,1749,1869,1500,1500,1500,1500,1500,1500,1500,1500,1500.0,1500,1500,729,696,675,676,654,629,635,618,664.0,618,729,5312,64,55,55,67,66,53,67,57
1743970286,1841.625,1850,1831,1853.25,1865,1847,1791.0,1801,1778,1766.375,1770,1761,1814.75,1823,1810,1835.0,1844,1831,1773.75,1784,1763,1790.75,1797,1784,1808.3125,1761,1865,1500,1500,1500,1500,1500,1500,1500,1500,1500.0,1500,1500,696,660,653,683,689,681,697,674,679.125,653,697,5433,63,55,55,67,66,53,67,57
1743970287,1874.625,1882,1865,1885.625,1897,1881,1815.125,1823,1803,1785.25,1790,1779,1843.25,1852,1839,1813.0,1821,1807,1784.875,1794,1775,1802.0,1808,1796,1825.46875,1775,1897,1500,1500,1500,1500,1500,1500,1500,1500,1500.0,1500,1500,655,631,630,654,680,654,672,653,653.625,630,680,5229,63,55,55,67,66,53,67,57
1743970288,1846.25,1854,1837,1871.625,1884,1867,1790.875,1798,1778,1759.75,1765,1752,1816.375,1826,1813,1768.875,1777,1764,1770.0,1780,1761,1784.0,1791,1777,1800.96875,1752,1884,1500,1500,1500,1500,1500,1500,1500,1500,1500.0,1500,1500,702,668,669,692,716,667,700,670,685.5,667,716,5484,63,55,55,67,66,53,67,57
1743970289,1836.125,1844,1825,1860.75,1873,1856,1799.0,1807,1787,1735.625,1741,1730,1814.875,1825,1810,1774.0,1782,1769,1762.625,1774,1752,1777.625,1786,1770,1795.078125,1730,1873,1500,1500,1500,1500,1500,1500,1500,1500,1500.0,1500,1500,713,680,682,686,723,676,711,682,694.125,676,723,5553,63,55,55,66,66,53,67,57
1743970291,1828.25,1836,1816,1849.875,1862,1845,1805.0,1815,1791,1763.25,1766,1756,1844.75,1854,1839,1811.375,1821,1806,1810.75,1821,1801,1826.375,1833,1821,1817.453125,1756,1862,1500,1500,1500,1500,1500,1500,1500,1500,1500.0,1500,1500,723,700,683,661,676,614,649,625,666.375,614,723,5331,63,55,55,66,66,53,67,57
1743970292,1838.375,1847,1826,1864.125,1876,1860,1801.875,1809,1789,1746.625,1752,1742,1814.75,1824,1810,1778.0,1788,1772,1767.5,1777,1758,1781.875,1789,1776,1799.140625,1742,1876,1500,1500,1500,1500,1500,1500,1500,1500,1500.0,1500,1500,700,672,674,682,709,672,700,674,685.375,672,709,5483,63,55,55,66,65,53,66,57
1743970293,1832.25,1841,1821,1864.0,1876,1859,1793.0,1803,1780,1729.5,1734,1722,1829.75,1839,1825,1795.25,1802,1788,1807.625,1818,1798,1819.875,1826,1814,1808.90625,1722,1876,1500,1500,1500,1500,1500,1500,1500,1500,1500.0,1500,1500,726,694,695,688,696,624,650,619,674.0,619,726,5392,63,55,55,66,65,53,66,57
1743970294,1841.375,1850,1830,1862.375,1874,1858,1801.0,1810,1787,1750.5,1755,1743,1822.0,1831,1819,1776.125,1783,1771,1772.125,1782,1763,1780.75,1789,1773,1800.78125,1743,1874,1500,1500,1500,1500,1500,1500,1500,1500,1500.0,1500,1500,695,669,678,679,709,663,700,673,683.25,663,709,5466,62,55,55,66,65,53,66,57
1743970296,1837.5,1846,1827,1858.5,1871,1854,1794.625,1803,1781,1737.75,1742,1730,1816.875,1827,1812,1763.5,1773,1758,1764.5,1776,1754,1772.375,1779,1765,1793.203125,1730,1871,1500,1500,1500,1500,1500,1500,1500,1500,1500.0,1500,1500,718,683,694,695,727,678,720,673,698.5,673,727,5588,62,55,55,66,65,53,66,57
1743970297,1866.125,1874,1854,1887.5,1899,1882,1822.25,1828,1811,1769.625,1774,1763,1835.5,1845,1831,1790.125,1798,1785,1786.125,1795,1778,1792.125,1800,1784,1818.671875,1763,1899,1500,1500,1500,1500,1500,1500,1500,1500,1500.0,1500,1500,644,637,646,660,685,647,686,659,658.0,637,686,5264,62,55,55,66,65,52,66,57
1743970298,1833.875,1841,1823,1868.5,1880,1864,1800.125,1807,1788,1742.0,1748,1734,1819.75,1829,1816,1764.375,1772,1759,1770.5,1781,1761,1776.25,1784,1771,1796.921875,1734,1880,1500,1500,1500,1500,1500,1500,1500,1500,1500.0,1500,1500,699,687,688,694,721,673,710,684,694.5,673,721,5556,62,54,55,65,65,52,66,56
1743970299,1827.75,1836,1816,1854.875,1867,1850,1812.25,1819,1799,1771.75,1775,1765,1829.625,1838,1825,1784.875,1796,1780,1775.5,1785,1766,1792.875,1800,1785,1806.1875,1765,1867,1500,1500,1500,1500,1500,1500,1500,1500,1500.0,1500,1500,716,680,665,673,707,661,691,660,681.625,660,716,5453,62,54,55,65,65,52,66,56
1743970301,1827.875,1837,1816,1845.25,1858,1841,1793.5,1803,1780,1742.875,1748,1735,1814.375,1825,1809,1771.25,1781,1766,1770.5,1781,1760,1803.875,1812,1794,1796.1875,1735,1858,1500,1500,1500,1500,1500,1500,1500,1500,1500.0,1500,1500,706,689,704,703,738,690,690,648,696.0,648,738,5568,62,54,55,65,65,52,66,56
1743970302,1838.5,1845,1828,1869.625,1881,1864,1804.625,1812,1792,1745.875,1752,1738,1822.75,1833,1819,1778.0,1787,1773,1768.25,1778,1758,1785.625,1793,1780,1801.65625,1738,1881,1500,1500,1500,1500,1500,1500,1500,1500,1500.0,1500,1500,692,675,683,688,713,668,697,683,687.375,668,713,5499,62,54,55,65,65,52,66,56
1743970303,1845.375,1853,1834,1877.0,1889,1872,1805.875,1816,1793,1750.0,1755,1741,1821.5,1831,1817,1772.75,1782,1768,1761.0,1772,1750,1787.625,1794,1782,1802.640625,1741,1889,1500,1500,1500,1500,1500,1500,1500,1500,1500.0,1500,1500,689,671,679,685,714,670,687,666,682.625,666,714,5461,62,55,55,65,65,53,66,57
1743970304,1843.375,1851,1832,1869.875,1882,1864,1802.5,1812,1789,1753.5,1759,1747,1823.0,1832,1819,1779.125,1788,1774,1768.125,1778,1758,1785.5,1792,1779,1803.125,1747,1882,1500,1500,1500,1500,1500,1500,1500,1500,1500.0,1500,1500,683,664,670,680,714,666,693,680,681.25,664,714,5450,62,55,55,65,65,53,66,57
1743970306,1837.25,1845,1827,1868.625,1880,1863,1795.5,1805,1782,1736.5,1740,1729,1815.0,1825,1810,1766.125,1775,1761,1755.25,1765,1744,1781.375,1789,1775,1794.453125,1729,1880,1500,1500,1500,1500,1500,1500,1500,1500,1500.0,1500,1500,705,683,686,686,721,679,708,688,694.5,679,721,5556,62,55,55,66,65,53,66,57
1743970307,1847.5,1855,1836,1872.25,1878,1868,1811.375,1819,1799,1746.625,1750,1740,1823.625,1834,1819,1783.375,1792,1779,1766.125,1775,1756,1790.625,1797,1785,1805.1875,1740,1878,1500,1500,1500,1500,1500,1500,1500,1500,1500.0,1500,1500,678,657,668,671,706,664,693,673,676.25,657,706,5410,62,55,55,66,65,53,66,57
1743970308,1825.75,1833,1815,1849.875,1862,1845,1783.0,1793,1770,1779.125,1785,1773,1842.125,1852,1838,1819.0,1829,1814,1809.5,1818,1800,1826.125,1831,1821,1816.8125,1770,1862,1500,1500,1500,1500,1500,1500,1500,1500,1500.0,1500,1500,723,698,668,666,678,613,636,621,662.875,613,723,5303,63,55,56,66,66,53,67,57
1743970310,1832.0,1839,1820,1860.0,1873,1855,1780.5,1788,1768,1756.875,1762,1750,1809.75,1820,1806,1771.5,1781,1767,1757.625,1767,1746,1776.75,1784,1771,1793.125,1746,1873,1500,1500,1500,1500,1500,1500,1500,1500,1500.0,1500,1500,697,676,670,695,721,670,705,688,690.25,670,721,5522,63,56,56,67,66,54,67,58
1743970311,1825.625,1833,1815,1850.625,1863,1846,1762.625,1772,1751,1744.375,1749,1738,1792.0,1801,1785,1796.875,1806,1791,1785.5,1793,1777,1828.625,1834,1824,1798.28125,1738,1863,1500,1500,1500,1500,1500,1500,1500,1500,1500.0,1500,1500,727,694,691,711,699,648,659,620,681.125,620,727,5449,63,56,56,67,67,54,67,58
1743970312,1846.75,1855,1836,1868.375,1881,1863,1783.5,1791,1776,1765.375,1769,1760,1791.625,1800,1786,1799.75,1809,1795,1761.25,1770,1752,1787.375,1794,1781,1800.5,1752,1881,1500,1500,1500,1500,1500,1500,1500,1500,1500.0,1500,1500,691,659,648,680,684,670,692,672,674.5,648,692,5396,64,56,57,67,67,55,68,58
1743970313,1822.125,1830,1811,1842.875,1855,1837,1759.5,1767,1749,1744.125,1748,1737,1779.75,1789,1771,1783.125,1790,1779,1760.25,1772,1749,1774.875,1782,1769,1783.328125,1737,1855,1500,1500,1500,1500,1500,1500,1500,1500,1500.0,1500,1500,723,688,675,705,709,690,721,695,700.75,675,723,5606,64,57,57,68,67,55,68,59
1743970315,1863.875,1871,1853,1900.5,1912,1896,1828.125,1834,1817,1803.625,1807,1798,1826.5,1833,1821,1826.875,1836,1824,1795.25,1809,1784,1812.125,1818,1807,1832.109375,1784,1912,1500,1500,1500,1500,1500,1500,1500,1500,1500.0,1500,1500,658,612,605,625,640,626,655,635,632.0,605,658,5056,65,57,57,68,68,55,69,59
1743970316,1820.625,1828,1812,1851.5,1863,1847,1759.5,1767,1748,1739.125,1747,1732,1774.625,1783,1768,1788.375,1797,1785,1746.5,1756,1735,1776.0,1783,1769,1782.03125,1732,1863,1500,1500,1500,1500,1500,1500,1500,1500,1500.0,1500,1500,719,686,679,703,703,692,717,693,699.0,679,719,5592,65,57,58,69,68,56,69,60
1743970317,1823.875,1831,1815,1855.875,1869,1850,1759.25,1769,1746,1737.0,1741,1732,1769.875,1780,1761,1782.25,1791,1777,1743.625,1755,1731,1770.0,1778,1762,1780.21875,1731,1869,1500,1500,1500,1500,1500,1500,1500,1500,1500.0,1500,1500,727,689,678,703,704,690,714,689,699.25,678,727,5594,66,58,58,69,69,56,70,60
1743970318,1807.5,1815,1797,1834.875,1846,1830,1749.625,1757,1739,1739.0,1743,1733,1789.375,1795,1781,1806.0,1813,1802,1779.25,1789,1769,1795.0,1803,1790,1787.578125,1733,1846,1500,1500,1500,1500,1500,1497,1499,1500,1499.5,1497,1500,738,706,683,689,673,648,673,649,682.375,648,738,5459,66,58,59,69,69,56,70,60
1743970320,1847.875,1854,1838,1852.375,1862,1846,1801.0,1809,1789,1768.375,1772,1764,1814.5,1824,1810,1770.0,1780,1765,1766.625,1777,1755,1785.5,1793,1779,1800.78125,1755,1862,1500,1500,1500,1500,1500,1500,1500,1500,1500.0,1500,1500,666,645,642,673,695,657,697,667,667.75,642,697,5342,66,58,59,70,69,57,70,61
1743970321,1809.75,1817,1799,1839.25,1851,1834,1755.125,1765,1742,1723.75,1727,1720,1781.5,1794,1776,1736.25,1745,1731,1741.0,1752,1729,1755.0,1763,1748,1767.703125,1720,1851,1500,1500,1500,1500,1500,1500,1500,1500,1500.0,1500,1500,728,695,691,711,740,686,729,698,709.75,686,740,5678,67,59,59,70,70,57,71,61
1743970322,1851.875,1858,1842,1867.875,1878,1862,1792.625,1801,1781,1762.0,1766,1756,1823.75,1834,1819,1784.875,1793,1780,1766.375,1776,1755,1782.125,1790,1775,1803.9375,1755,1878,1500,1500,1500,1500,1500,1500,1500,1500,1500.0,1500,1500,660,635,636,666,692,655,687,661,661.5,635,692,5292,67,59,59,70,70,57,71,61
1743970323,1800.0,1807,1789,1833.125,1844,1826,1764.0,1774,1749,1703.375,1708,1699,1769.75,1782,1764,1726.375,1735,1720,1740.0,1750,1728,1780.5,1789,1773,1764.640625,1699,1844,1500,1500,1500,1499,1497,1499,1500,1500,1499.375,1497,1500,732,704,704,709,745,693,701,657,705.625,657,745,5645,68,59,60,71,71,57,71,61
1743970325,1802.125,1808,1791,1850.125,1861,1843,1799.625,1808,1786,1744.25,1749,1739,1806.5,1817,1801,1770.5,1779,1765,1757.25,1766,1746,1781.125,1788,1774,1788.9375,1739,1861,1500,1500,1500,1500,1500,1500,1500,1500,1500.0,1500,1500,723,670,658,660,695,647,691,666,676.25,647,723,5410,68,59,60,71,71,58,72,62
1743970326,1822.375,1828,1812,1845.25,1856,1838,1782.875,1792,1768,1727.75,1731,1722,1789.625,1801,1784,1751.375,1760,1745,1740.875,1751,1729,1763.875,1772,1757,1778.0,1722,1856,1500,1500,1500,1500,1500,1500,1500,1500,1500.0,1500,1500,705,679,690,697,726,678,715,693,697.875,678,726,5583,68,60,60,71,71,58,72,62
1743970327,1795.5,1802,1785,1836.0,1848,1829,1788.75,1798,1774,1746.375,1751,1735,1806.875,1818,1801,1769.125,1777,1764,1761.25,1770,1749,1780.25,1787,1774,1785.515625,1735,1848,1500,1500,1500,1500,1500,1500,1500,1500,1500.0,1500,1500,745,697,666,663,700,644,689,663,683.375,644,745,5467,69,60,61,72,72,58,72,62
1743970329,1800.0,1805,1790,1832.5,1844,1825,1754.625,1765,1739,1707.875,1712,1702,1768.625,1781,1763,1731.875,1742,1726,1724.5,1735,1712,1752.875,1760,1746,1759.109375,1702,1844,1499,1499,1496,1499,1500,1497,1500,1495,1498.125,1495,1500,730,699,701,716,739,689,731,701,713.25,689,739,5706,69,60,61,72,72,58,73,62
1743970330,1788.375,1795,1778,1826.5,1838,1819,1750.75,1761,1735,1711.0,1715,1707,1794.875,1806,1789,1771.375,1779,1767,1764.75,1774,1755,1787.75,1795,1781,1774.421875,1707,1838,1500,1500,1500,1500,1500,1500,1500,1500,1500.0,1500,1500,734,712,711,700,708,638,678,651,691.5,638,734,5532,69,60,61,72,72,58,73,62
1743970331,1828.375,1838,1818,1857.875,1869,1852,1788.125,1798,1773,1734.25,1738,1730,1794.5,1806,1789,1759.0,1769,1754,1748.625,1758,1737,1777.75,1784,1772,1786.0625,1730,1869,1500,1500,1500,1500,1500,1500,1500,1500,1500.0,1500,1500,676,658,671,684,717,658,704,673,680.125,658,717,5441,69,60,61,73,73,58,73,62
1743970332,1789.625,1796,1780,1830.875,1843,1822,1754.75,1764,1739,1695.875,1701,1690,1762.125,1774,1756,1728.875,1736,1724,1746.75,1756,1737,1789.125,1797,1782,1762.25,1690,1843,1500,1500,1500,1500,1500,1500,1500,1500,1500.0,1500,1500,729,709,715,719,760,677,699,644,706.5,644,760,5652,69,60,61,73,73,59,74,62
1743970334,1763.5,1770,1752,1808.5,1820,1800,1761.875,1771,1746,1720.25,1724,1716,1787.375,1798,1780,1765.625,1773,1759,1739.125,1748,1728,1770.375,1777,1764,1764.578125,1716,1820,1491,1491,1496,1496,1493,1500,1497,1496,1495.0,1491,1500,717,704,689,688,713,664,708,680,695.375,664,717,5563,69,61,61,73,73,59,74,62
1743970335,1789.5,1796,1779,1828.875,1841,1821,1760.5,1769,1745,1700.25,1707,1694,1760.875,1773,1755,1731.75,1741,1726,1713.25,1724,1703,1749.125,1756,1741,1754.265625,1694,1841,1500,1500,1500,1500,1500,1500,1500,1500,1500.0,1500,1500,726,699,704,720,749,695,729,705,715.875,695,749,5727,70,61,61,73,74,59,74,63
1743970336,1854.375,1860,1845,1875.25,1885,1869,1811.875,1819,1797,1753.375,1758,1749,1805.875,1817,1799,1785.875,1793,1780,1753.625,1762,1744,1792.875,1805,1784,1804.140625,1744,1885,1500,1500,1500,1500,1500,1500,1500,1500,1500.0,1500,1500,637,618,639,654,692,638,680,655,651.625,618,692,5213,70,61,61,74,74,59,74,63
1743970337,1798.625,1804,1788,1835.5,1848,1828,1767.125,1778,1752,1696.75,1702,1692,1763.0,1776,1756,1735.0,1742,1729,1713.125,1723,1701,1753.5,1761,1747,1757.828125,1692,1848,1500,1500,1500,1500,1500,1500,1500,1500,1500.0,1500,1500,721,695,702,707,742,689,725,708,711.125,689,742,5689,70,61,61,74,74,59,74,63
1743970339,1783.5,1790,1774,1844.25,1854,1839,1797.125,1804,1783,1713.125,1717,1710,1795.125,1806,1789,1768.375,1776,1763,1711.375,1724,1695,1768.375,1775,1762,1772.65625,1695,1854,1497,1497,1495,1493,1500,1500,1471,1497,1493.75,1471,1500,700,656,657,667,706,651,684,667,673.5,651,706,5388,70,61,61,74,74,59,75,63
1743970340,1806.5,1813,1797,1843.875,1856,1836,1773.875,1783,1759,1699.5,1703,1696,1771.25,1784,1766,1744.0,1754,1738,1720.875,1730,1710,1760.375,1768,1753,1765.03125,1696,1856,1500,1500,1500,1500,1500,1500,1500,1500,1500.0,1500,1500,707,683,694,702,737,678,717,698,702.0,678,737,5616,70,61,61,74,74,59,75,63
1743970341,1798.625,1804,1789,1836.625,1849,1831,1766.5,1776,1751,1690.875,1696,1686,1765.0,1778,1759,1741.5,1750,1736,1711.5,1721,1700,1764.75,1773,1758,1759.421875,1686,1849,1500,1500,1500,1500,1500,1500,1500,1500,1500.0,1500,1500,722,700,702,707,745,694,724,673,708.375,673,745,5667,70,61,61,74,74,59,75,62
1743970343,1792.625,1798,1782,1828.625,1839,1822,1749.125,1763,1736,1719.625,1726,1715,1799.5,1811,1793,1778.75,1788,1774,1753.0,1761,1744,1790.375,1797,1784,1776.453125,1715,1839,1500,1500,1500,1500,1500,1500,1500,1500,1500.0,1500,1500,734,708,682,679,694,633,672,651,681.625,633,734,5453,70,61,61,74,74,59,75,62
1743970344,1793.5,1799,1783,1831.875,1844,1825,1749.75,1757,1737,1710.125,1716,1705,1763.25,1776,1756,1730.375,1740,1724,1715.5,1726,1705,1754.0,1762,1745,1756.046875,1705,1844,1500,1494,1500,1500,1500,1500,1500,1500,1499.25,1494,1500,719,698,691,720,752,689,729,702,712.5,689,752,5700,70,60,61,74,74,59,75,62
1743970345,1811.375,1817,1802,1847.875,1859,1841,1761.125,1769,1749,1725.625,1731,1721,1755.0,1764,1745,1774.5,1785,1768,1727.875,1737,1718,1767.625,1775,1761,1771.375,1718,1859,1500,1500,1500,1500,1500,1500,1500,1500,1500.0,1500,1500,715,682,680,707,707,677,700,681,693.625,677,715,5549,70,60,61,74,74,59,75,62
1743970346,1808.375,1814,1798,1847.125,1858,1840,1804.25,1811,1795,1784.375,1789,1779,1808.375,1817,1801,1817.25,1824,1813,1788.5,1799,1778,1822.75,1829,1816,1810.125,1778,1858,1500,1500,1500,1500,1500,1500,1500,1500,1500.0,1500,1500,705,645,619,640,640,621,671,649,648.75,619,705,5190,70,60,61,74,74,59,75,62
1743970348,1793.125,1799,1784,1836.125,1847,1829,1749.625,1757,1738,1715.75,1722,1710,1751.125,1761,1742,1766.75,1777,1760,1721.125,1736,1709,1759.375,1767,1753,1761.625,1709,1847,1500,1500,1500,1500,1500,1500,1500,1500,1500.0,1500,1500,730,694,691,716,714,698,730,706,709.875,691,730,5679,70,60,61,74,74,59,75,62
1743970349,1803.5,1810,1794,1843.125,1854,1836,1755.625,1762,1744,1719.625,1724,1715,1755.625,1765,1747,1768.25,1778,1761,1723.5,1734,1713,1763.625,1772,1756,1766.609375,1713,1854,1500,1500,1500,1500,1500,1500,1500,1500,1500.0,1500,1500,732,687,680,709,707,693,726,695,703.625,680,732,5629,70,60,61,74,74,58,75,62
1743970350,1806.375,1812,1797,1840.75,1852,1834,1759.75,1767,1748,1707.5,1714,1703,1750.25,1760,1741,1788.75,1797,1781,1739.625,1749,1729,1784.0,1791,1775,1772.125,1703,1852,1500,1500,1500,1500,1500,1500,1500,1500,1500.0,1500,1500,720,689,681,711,706,669,695,678,693.625,669,720,5549,70,60,61,74,74,58,75,62
1743970351,1812.25,1818,1802,1848.75,1859,1842,1763.625,1771,1752,1719.75,1726,1713,1744.5,1754,1736,1784.25,1793,1779,1730.5,1741,1719,1770.375,1778,1763,1771.75,1713,1859,1500,1500,1500,1500,1500,1500,1500,1500,1500.0,1500,1500,709,675,671,699,703,687,714,692,693.75,671,714,5550,70,60,61,74,74,58,75,62
1743970353,1815.875,1821,1806,1848.75,1860,1842,1763.25,1773,1752,1720.0,1726,1715,1754.75,1763,1746,1773.375,1782,1768,1740.125,1750,1729,1769.125,1776,1762,1773.15625,1715,1860,1500,1500,1500,1500,1500,1500,1500,1500,1500.0,1500,1500,707,678,675,710,720,675,702,682,693.625,675,720,5549,70,60,61,74,74,58,75,62
1743970354,1800.75,1806,1790,1839.25,1850,1832,1755.375,1764,1743,1713.5,1721,1709,1768.75,1781,1763,1738.5,1749,1733,1720.125,1731,1710,1760.125,1767,1752,1762.046875,1709,1850,1500,1500,1500,1500,1500,1500,1500,1500,1500.0,1500,1500,721,689,678,709,737,682,727,695,704.75,678,737,5638,70,60,60,74,74,58,75,62
1743970355,1801.5,1808,1792,1846.125,1857,1839,1756.75,1764,1744,1717.25,1723,1711,1769.5,1781,1763,1743.25,1755,1736,1724.75,1734,1716,1757.25,1764,1750,1764.546875,1711,1857,1500,1500,1500,1500,1500,1500,1500,1500,1500.0,1500,1500,722,689,680,713,740,681,730,696,706.375,680,740,5651,70,60,60,74,74,58,75,62
1743970357,1779.5,1785,1770,1822.375,1834,1815,1759.875,1770,1744,1683.625,1690,1679,1755.875,1768,1750,1743.875,1752,1739,1709.125,1720,1698,1747.375,1755,1741,1750.203125,1679,1834,1500,1500,1500,1500,1500,1500,1500,1500,1500.0,1500,1500,743,709,712,719,762,706,740,702,724.125,702,762,5793,70,59,60,74,74,58,75,62
1743970358,1784.125,1791,1774,1828.125,1839,1821,1780.0,1789,1764,1720.625,1725,1715,1802.125,1812,1797,1780.625,1789,1776,1760.5,1770,1750,1787.875,1795,1782,1780.5,1715,1839,1500,1500,1500,1500,1500,1500,1500,1500,1500.0,1500,1500,745,704,682,666,687,631,686,652,681.625,631,745,5453,70,59,60,74,74,58,75,62
1743970359,1787.625,1794,1779,1822.25,1833,1817,1765.125,1774,1750,1696.0,1701,1690,1763.5,1775,1757,1738.125,1748,1731,1726.875,1737,1717,1768.0,1775,1761,1758.4375,1690,1833,1500,1500,1500,1500,1500,1500,1500,1500,1500.0,1500,1500,729,693,703,709,749,685,733,704,713.125,685,749,5705,70,59,60,74,74,58,75,62
1743970360,1800.75,1807,1791,1842.0,1853,1835,1769.25,1779,1753,1697.75,1702,1692,1768.0,1780,1762,1736.25,1746,1728,1717.75,1728,1706,1754.25,1762,1746,1760.75,1692,1853,1500,1500,1500,1500,1500,1500,1500,1500,1500.0,1500,1500,731,696,697,706,742,686,730,698,710.75,686,742,5686,70,59,60,74,74,58,74,62
1743970362,1793.625,1801,1784,1835.5,1847,1829,1760.875,1771,1744,1692.875,1697,1688,1758.875,1770,1753,1723.0,1732,1718,1722.0,1732,1710,1775.25,1782,1768,1757.75,1688,1847,1500,1500,1500,1500,1500,1500,1500,1500,1500.0,1500,1500,743,703,706,720,752,686,715,662,710.875,662,752,5687,70,59,60,74,74,58,74,62
1743970363,1794.5,1800,1784,1834.625,1846,1829,1763.125,1771,1747,1688.75,1695,1683,1774.875,1787,1768,1752.875,1760,1748,1761.875,1772,1752,1793.625,1799,1788,1770.53125,1683,1846,1500,1500,1500,1500,1500,1500,1500,1500,1500.0,1500,1500,743,701,707,714,726,641,673,638,692.875,638,743,5543,70,59,60,74,74,58,74,62
1743970364,1839.625,1845,1829,1868.625,1879,1863,1801.875,1811,1787,1744.125,1749,1738,1795.25,1806,1789,1766.625,1778,1761,1748.0,1758,1738,1780.25,1786,1774,1793.046875,1738,1879,1500,1500,1500,1500,1500,1500,1500,1500,1500.0,1500,1500,657,642,650,670,699,652,697,676,667.875,642,699,5343,70,59,60,73,74,58,74,62
1743970365,1776.875,1783,1766,1824.375,1835,1818,1753.5,1764,1737,1702.25,1706,1699,1787.5,1798,1783,1782.625,1791,1777,1764.5,1773,1755,1793.75,1800,1786,1773.171875,1699,1835,1500,1500,1500,1500,1500,1500,1500,1500,1500.0,1500,1500,735,710,711,699,711,641,682,653,692.75,641,735,5542,70,59,60,74,74,57,74,62
1743970367,1788.75,1795,1779,1833.125,1844,1826,1760.875,1769,1745,1699.625,1706,1694,1758.75,1771,1752,1740.0,1750,1734,1716.75,1726,1706,1758.25,1764,1752,1757.015625,1694,1844,1500,1500,1500,1500,1500,1500,1500,1500,1500.0,1500,1500,718,693,700,714,742,689,732,704,711.5,689,742,5692,70,59,60,74,74,57,74,62
1743970368,1844.875,1856,1829,1851.5,1866,1840,1831.625,1844,1814,1793.5,1805,1782,1775.75,1791,1762,1804.625,1819,1796,1746.75,1761,1730,1777.375,1789,1767,1803.25,1730,1866,1500,1500,1494,1485,1486,1491,1492,1483,1491.375,1483,1500,699,668,672,722,738,704,758,721,710.25,668,758,5682,71,60,61,76,75,59,76,62
1743970369,1779.0,1790,1765,1790.25,1806,1778,1788.0,1803,1769,1734.625,1745,1721,1762.125,1780,1749,1780.25,1796,1771,1713.125,1728,1696,1739.0,1753,1728,1760.796875,1696,1806,1486,1489,1494,1491,1492,1492,1484,1490,1489.75,1484,1494,728,704,725,759,781,748,789,752,748.25,704,789,5986,74,63,63,80,77,62,78,62
1743970371,1761.75,1782,1743,1772.625,1791,1756,1764.5,1783,1742,1728.0,1740,1715,1733.5,1753,1718,1771.125,1787,1759,1713.375,1730,1694,1756.75,1772,1744,1750.203125,1694,1791,1488,1489,1494,1488,1490,1491,1488,1498,1490.75,1488,1498,845,817,828,855,874,838,884,843,848.0,817,884,6784,75,64,64,82,79,63,78,63
1743970372,1747.5,1764,1730,1779.25,1798,1762,1755.875,1775,1733,1707.875,1723,1693,1714.125,1734,1699,1764.75,1780,1752,1706.375,1725,1685,1751.875,1768,1739,1740.953125,1685,1798,1486,1492,1499,1490,1487,1491,1491,1495,1491.375,1486,1499,879,851,856,893,909,865,914,868,879.375,851,914,7035,76,65,65,84,80,64,79,63
1743970373,1761.25,1779,1743,1766.5,1783,1751,1746.25,1765,1723,1713.875,1731,1700,1716.0,1735,1702,1755.25,1771,1742,1720.25,1737,1703,1741.5,1758,1728,1740.109375,1700,1783,1480,1491,1496,1497,1498,1485,1496,1497,1492.5,1480,1498,893,863,874,902,915,881,918,879,890.625,863,918,7125,77,66,66,85,81,65,79,63
1743970374,1722.875,1739,1705,1711.0,1731,1695,1706.5,1726,1684,1656.375,1674,1639,1670.375,1689,1657,1704.75,1720,1692,1670.875,1688,1655,1691.75,1709,1678,1691.8125,1639,1739,1486,1490,1499,1499,1496,1498,1499,1494,1495.125,1486,1499,879,847,862,872,902,863,877,856,869.75,847,902,6958,78,67,66,85,81,65,79,64
1743970376,1723.375,1741,1704,1743.5,1763,1726,1676.0,1694,1654,1655.0,1672,1641,1689.625,1710,1675,1714.75,1729,1701,1679.125,1697,1662,1716.25,1731,1700,1699.703125,1641,1763,1485,1497,1500,1500,1490,1494,1490,1493,1493.625,1485,1500,888,852,847,874,903,870,896,857,873.375,847,903,6987,78,67,66,85,81,65,79,64
1743970377,1733.25,1750,1715,1747.375,1768,1729,1706.375,1726,1683,1681.75,1697,1667,1696.5,1716,1683,1732.125,1748,1719,1697.875,1714,1680,1730.5,1747,1717,1715.71875,1667,1768,1483,1488,1496,1492,1493,1490,1494,1489,1490.625,1483,1496,884,863,854,891,914,870,907,871,881.75,854,914,7054,78,68,66,85,82,65,80,64
1743970378,1727.5,1745,1710,1732.875,1751,1717,1681.5,1701,1658,1672.125,1690,1657,1675.125,1694,1662,1704.75,1720,1690,1686.125,1703,1668,1711.375,1728,1697,1698.921875,1657,1751,1490,1493,1500,1500,1495,1499,1490,1499,1495.75,1490,1500,893,859,849,887,905,861,898,861,876.625,849,905,7013,79,68,66,86,82,65,80,64
1743970379,1738.625,1756,1721,1735.25,1755,1719,1679.875,1699,1658,1680.25,1697,1666,1670.0,1688,1657,1712.25,1726,1698,1698.5,1716,1681,1715.0,1731,1700,1703.71875,1657,1756,1488,1496,1500,1497,1496,1497,1495,1497,1495.75,1488,1500,889,859,849,888,895,852,893,863,873.5,849,895,6988,79,68,66,86,82,65,80,64
1743970381,1722.375,1740,1704,1729.25,1750,1714,1701.5,1721,1680,1683.625,1698,1668,1670.75,1692,1654,1714.75,1729,1699,1690.875,1708,1674,1709.375,1726,1695,1702.8125,1654,1750,1486,1493,1500,1493,1481,1494,1484,1494,1490.625,1481,1500,887,854,856,887,890,859,902,865,875.0,854,902,7000,79,68,66,86,82,65,80,64
1743970382,1736.0,1753,1717,1762.875,1783,1747,1728.0,1750,1703,1688.375,1703,1674,1705.875,1724,1693,1748.75,1763,1734,1695.25,1710,1678,1737.875,1755,1724,1725.375,1674,1783,1477,1490,1496,1494,1494,1498,1487,1492,1491.0,1477,1498,899,865,867,900,911,870,913,879,888.0,865,913,7104,79,68,66,87,82,66,80,64
1743970383,1732.0,1748,1714,1737.375,1755,1722,1683.125,1702,1661,1650.25,1664,1637,1673.5,1695,1658,1698.5,1713,1685,1676.75,1694,1660,1713.75,1731,1700,1695.65625,1637,1755,1489,1486,1500,1495,1494,1494,1486,1499,1492.875,1486,1500,881,859,848,880,895,850,890,855,869.75,848,895,6958,79,69,67,87,82,66,81,64
1743970384,1734.875,1752,1717,1741.25,1762,1724,1712.0,1731,1690,1681.25,1697,1668,1682.625,1706,1665,1727.5,1743,1712,1692.0,1707,1675,1717.875,1734,1703,1711.171875,1665,1762,1489,1496,1498,1493,1485,1490,1492,1499,1492.75,1485,1499,894,863,865,887,908,870,897,864,881.0,863,908,7048,80,69,67,87,83,66,81,64
1743970386,1718.0,1736,1701,1711.5,1730,1695,1663.625,1682,1642,1633.25,1648,1622,1658.5,1675,1647,1710.0,1725,1694,1674.125,1691,1658,1681.5,1698,1667,1681.3125,1622,1736,1492,1492,1499,1500,1489,1499,1492,1497,1495.0,1489,1500,883,842,826,864,890,861,882,842,861.25,826,890,6890,80,69,67,87,83,66,81,64
1743970387,1713.625,1731,1696,1726.125,1746,1709,1693.125,1713,1670,1642.125,1657,1628,1681.75,1702,1670,1715.125,1730,1700,1672.125,1689,1654,1696.625,1713,1682,1692.578125,1628,1746,1489,1494,1500,1499,1497,1498,1493,1498,1496.0,1489,1500,889,857,851,876,909,854,892,865,874.125,851,909,6993,80,69,67,87,83,66,81,65
1743970388,1737.75,1757,1719,1745.625,1765,1728,1717.0,1734,1694,1673.75,1690,1656,1675.5,1695,1663,1734.25,1750,1719,1698.625,1715,1678,1718.75,1736,1705,1712.65625,1656,1765,1492,1498,1498,1493,1484,1497,1491,1496,1493.625,1484,1498,900,861,867,900,917,877,912,872,888.25,861,917,7106,80,69,67,87,83,66,81,65
1743970389,1718.125,1736,1701,1722.125,1741,1704,1697.625,1718,1675,1668.25,1682,1653,1710.625,1730,1699,1736.5,1754,1723,1692.5,1709,1673,1709.375,1725,1695,1706.890625,1653,1754,1491,1495,1500,1500,1497,1497,1488,1493,1495.125,1488,1500,889,850,849,865,903,861,891,841,868.625,841,903,6949,80,69,67,87,83,66,80,64
1743970391,1844.375,1860,1829,1846.25,1862,1828,1821.5,1836,1799,1777.75,1790,1764,1821.125,1838,1807,1834.75,1849,1820,1790.875,1807,1773,1813.25,1828,1801,1818.734375,1764,1862,1489,1492,1500,1499,1499,1496,1492,1496,1495.375,1489,1500,870,841,846,872,898,855,889,839,863.75,839,898,6910,80,69,67,87,83,66,77,64
1743970392,1715.25,1730,1700,1715.375,1731,1696,1705.125,1721,1683,1653.75,1669,1638,1661.0,1677,1648,1692.0,1706,1675,1687.75,1703,1669,1679.25,1693,1666,1688.6875,1638,1731,1495,1498,1500,1499,1493,1496,1495,1496,1496.5,1493,1500,887,850,862,877,912,859,897,852,874.5,850,912,6996,80,69,67,87,83,66,76,64
1743970393,1714.375,1730,1700,1720.125,1736,1700,1694.125,1710,1671,1650.375,1666,1635,1662.25,1680,1648,1683.125,1697,1664,1684.125,1699,1665,1688.75,1703,1677,1687.15625,1635,1736,1488,1496,1500,1498,1498,1500,1498,1498,1497.0,1488,1500,885,855,854,869,909,850,904,847,871.625,847,909,6973,80,69,67,87,83,66,76,64
1743970395,1716.125,1732,1702,1714.125,1729,1693,1696.125,1712,1673,1658.5,1672,1645,1662.75,1682,1650,1682.875,1697,1669,1681.875,1697,1664,1666.875,1680,1653,1684.90625,1645,1732,1493,1495,1500,1500,1499,1493,1495,1499,1496.75,1493,1500,889,844,853,875,902,846,890,846,868.125,844,902,6945,79,69,66,87,83,65,75,64
1743970396,1724.125,1742,1706,1727.625,1743,1707,1716.0,1732,1694,1676.25,1690,1660,1681.875,1699,1668,1720.75,1735,1706,1704.375,1719,1685,1714.0,1728,1702,1708.125,1660,1743,1487,1496,1499,1495,1491,1496,1489,1489,1492.75,1487,1499,889,861,862,901,913,872,908,860,883.25,860,913,7066,79,69,66,87,83,65,75,64
1743970397,1720.5,1734,1707,1755.625,1771,1734,1720.625,1736,1697,1673.625,1686,1660,1680.75,1699,1667,1728.875,1743,1713,1702.625,1718,1683,1713.25,1727,1700,1711.984375,1660,1771,1492,1499,1500,1496,1497,1492,1496,1499,1496.375,1492,1500,894,863,870,903,914,877,909,867,887.125,863,914,7097,79,69,66,87,82,65,75,63
1743970398,1715.125,1729,1703,1746.75,1763,1726,1717.25,1733,1695,1666.875,1681,1653,1689.875,1708,1676,1727.625,1743,1711,1684.875,1701,1669,1714.125,1728,1701,1707.8125,1653,1763,1481,1497,1498,1495,1493,1496,1492,1492,1493.0,1481,1498,894,864,869,890,916,871,906,867,884.625,864,916,7077,79,69,66,87,82,65,75,63
1743970400,1726.125,1742,1713,1754.75,1772,1731,1715.0,1731,1692,1669.75,1682,1657,1686.125,1704,1671,1734.125,1749,1718,1688.125,1704,1669,1715.25,1729,1700,1711.15625,1657,1772,1494,1493,1496,1499,1489,1496,1496,1494,1494.625,1489,1499,890,856,871,900,922,875,902,869,885.625,856,922,7085,79,69,66,86,82,65,75,63
1743970401,1727.5,1744,1712,1741.25,1757,1722,1723.875,1741,1701,1679.25,1693,1666,1676.75,1695,1663,1720.875,1738,1704,1694.0,1710,1675,1712.375,1726,1701,1709.484375,1663,1757,1485,1498,1496,1500,1494,1497,1489,1493,1494.0,1485,1500,890,858,865,898,922,870,900,861,883.0,858,922,7064,79,68,66,86,82,65,74,63
1743970402,1845.5,1861,1830,1856.625,1871,1835,1817.25,1832,1796,1783.125,1797,1770,1816.0,1833,1801,1842.625,1857,1829,1795.875,1811,1776,1803.25,1816,1792,1820.03125,1770,1871,1494,1497,1497,1500,1497,1498,1489,1493,1495.625,1489,1500,871,835,845,877,900,850,886,836,862.5,835,900,6900,78,68,65,86,82,65,74,63
1743970403,1716.875,1734,1704,1743.375,1758,1719,1709.25,1724,1687,1659.25,1672,1646,1691.5,1710,1676,1724.125,1738,1710,1684.5,1700,1668,1720.75,1734,1709,1706.203125,1646,1758,1486,1496,1500,1500,1496,1494,1490,1496,1494.75,1486,1500,887,852,867,893,911,875,886,872,880.375,852,911,7043,78,68,65,86,81,64,74,62
1743970405,1707.5,1723,1693,1721.5,1735,1701,1700.125,1715,1678,1633.375,1646,1621,1684.0,1702,1669,1712.25,1726,1697,1657.875,1674,1641,1707.0,1720,1695,1690.453125,1621,1735,1494,1499,1500,1500,1495,1500,1499,1499,1498.25,1494,1500,887,844,855,875,903,862,879,856,870.125,844,903,6961,78,68,65,85,81,64,73,62
1743970406,1712.875,1728,1698,1738.125,1752,1717,1712.875,1729,1690,1659.875,1674,1647,1689.125,1708,1674,1720.375,1735,1705,1672.625,1687,1656,1713.875,1727,1701,1702.46875,1647,1752,1481,1495,1496,1500,1487,1492,1492,1499,1492.75,1481,1500,885,855,864,881,907,872,894,866,878.0,855,907,7024,77,68,65,85,81,64,73,62
1743970407,1711.875,1727,1698,1734.25,1749,1711,1700.625,1716,1679,1650.625,1664,1638,1695.75,1714,1681,1712.75,1727,1698,1669.25,1684,1651,1711.25,1724,1698,1698.296875,1638,1749,1491,1496,1496,1500,1495,1496,1494,1500,1496.0,1491,1500,882,845,858,872,902,871,895,859,873.0,845,902,6984,77,68,64,84,80,64,73,62
1743970409,1721.375,1737,1707,1734.625,1751,1714,1699.875,1717,1678,1667.0,1680,1654,1687.875,1706,1673,1723.5,1738,1707,1677.125,1692,1661,1707.625,1720,1695,1702.375,1654,1751,1489,1493,1500,1499,1495,1498,1488,1492,1494.25,1488,1500,880,851,844,870,893,859,887,864,868.5,844,893,6948,77,68,64,84,80,63,72,62
1743970410,1741.75,1757,1727,1748.375,1764,1728,1715.375,1732,1694,1694.25,1706,1680,1704.375,1723,1689,1743.625,1759,1729,1704.875,1724,1681,1731.75,1746,1720,1723.046875,1680,1764,1484,1494,1492,1494,1495,1491,1481,1487,1489.75,1481,1495,887,848,854,888,907,870,902,864,877.5,848,907,7020,76,68,64,84,80,63,72,62
1743970411,1757.875,1774,1742,1770.5,1785,1750,1731.125,1746,1709,1721.875,1736,1708,1724.5,1743,1707,1749.75,1764,1735,1732.25,1748,1714,1745.5,1760,1733,1741.671875,1707,1785,1489,1491,1495,1495,1490,1497,1487,1498,1492.75,1487,1498,891,870,871,902,909,878,908,885,889.25,870,909,7114,76,68,63,84,79,63,72,61
1743970412,1733.375,1750,1719,1750.375,1767,1731,1704.0,1721,1674,1674.25,1686,1660,1692.75,1710,1677,1728.625,1743,1714,1699.125,1714,1682,1724.625,1738,1711,1713.390625,1660,1767,1488,1495,1500,1498,1490,1494,1486,1497,1493.5,1486,1500,887,864,852,889,903,856,898,868,877.125,852,903,7017,76,68,63,83,79,63,71,61
1743970414,1733.625,1748,1719,1741.25,1755,1722,1659.0,1675,1637,1666.0,1681,1652,1675.25,1692,1661,1676.0,1689,1662,1688.375,1703,1671,1706.75,1721,1695,1693.28125,1637,1755,1491,1498,1500,1498,1494,1496,1496,1500,1496.625,1491,1500,879,845,829,875,882,839,886,846,860.125,829,886,6881,76,68,63,83,79,62,71,61
1743970415,1741.375,1756,1727,1744.625,1760,1725,1701.0,1716,1679,1689.0,1705,1674,1693.625,1711,1678,1718.375,1732,1704,1707.0,1722,1689,1706.5,1718,1694,1712.6875,1674,1760,1489,1498,1499,1496,1490,1498,1496,1494,1495.0,1489,1499,889,858,856,890,907,867,899,868,879.25,856,907,7034,75,68,63,83,78,62,71,61
1743970416,1724.875,1738,1712,1721.25,1740,1704,1686.875,1706,1667,1652.75,1669,1638,1669.625,1692,1655,1701.25,1719,1689,1679.5,1695,1662,1683.0,1700,1668,1689.890625,1638,1740,1496,1496,1500,1497,1488,1499,1498,1493,1495.875,1488,1500,878,848,835,863,887,843,883,845,860.25,835,887,6882,75,67,62,82,78,62,70,61
1743970417,1732.25,1745,1720,1743.25,1762,1726,1710.125,1729,1690,1673.0,1689,1658,1681.25,1706,1668,1725.875,1741,1713,1706.5,1723,1689,1720.0,1736,1707,1711.53125,1658,1762,1490,1498,1499,1500,1496,1496,1491,1491,1495.125,1490,1500,885,852,851,878,887,859,896,860,871.0,851,896,6968,75,67,62,82,78,62,70,61
1743970419,1716.75,1731,1704,1717.5,1736,1701,1678.5,1700,1657,1657.5,1674,1643,1686.25,1704,1672,1708.25,1724,1696,1670.125,1688,1651,1683.625,1701,1670,1689.8125,1643,1736,1491,1498,1500,1500,1487,1496,1487,1492,1493.875,1487,1500,868,842,838,862,879,859,878,848,859.25,838,879,6874,75,67,62,82,77,62,70,60
1743970420,1748.375,1763,1736,1747.125,1766,1731,1711.5,1730,1690,1696.25,1713,1680,1700.75,1720,1687,1728.75,1743,1716,1718.5,1736,1699,1720.375,1737,1707,1721.453125,1680,1766,1487,1495,1497,1498,1497,1495,1492,1495,1494.5,1487,1498,877,856,860,881,898,874,890,863,874.875,856,898,6999,75,67,62,81,77,62,70,60
1743970421,1770.125,1784,1756,1772.25,1790,1757,1754.625,1772,1733,1730.375,1746,1713,1722.875,1744,1709,1765.25,1781,1753,1736.0,1754,1714,1753.25,1770,1740,1750.59375,1709,1790,1484,1493,1500,1497,1493,1494,1490,1496,1493.375,1484,1500,888,866,863,899,909,876,899,870,883.75,863,909,7070,74,67,62,81,77,62,70,60
1743970423,1743.25,1758,1731,1753.125,1772,1737,1723.5,1748,1700,1689.375,1705,1673,1710.5,1733,1697,1746.875,1764,1733,1713.625,1731,1694,1723.25,1739,1710,1725.4375,1673,1772,1483,1494,1500,1497,1495,1489,1493,1491,1492.75,1483,1500,884,862,857,883,907,874,913,867,880.875,857,913,7047,74,67,62,81,77,62,70,60
1743970424,1749.125,1764,1737,1756.875,1775,1740,1737.5,1756,1716,1702.875,1720,1689,1706.875,1729,1693,1745.75,1761,1733,1719.25,1736,1702,1730.375,1746,1717,1731.078125,1689,1775,1486,1492,1500,1497,1490,1493,1494,1494,1493.25,1486,1500,889,861,874,892,903,873,909,872,884.125,861,909,7073,74,67,62,81,77,62,70,60
1743970425,1714.5,1729,1701,1723.875,1742,1706,1714.25,1733,1693,1663.375,1678,1646,1681.0,1703,1667,1707.875,1725,1695,1689.125,1706,1671,1684.125,1700,1671,1697.265625,1646,1742,1486,1497,1500,1497,1490,1497,1496,1497,1495.0,1486,1500,875,855,861,877,907,859,897,854,873.125,854,907,6985,74,67,62,81,77,62,70,60
1743970426,1730.75,1744,1717,1721.0,1739,1703,1703.0,1723,1681,1666.375,1680,1652,1687.5,1710,1675,1703.375,1718,1692,1697.25,1713,1680,1691.25,1709,1677,1700.0625,1652,1744,1484,1497,1500,1498,1497,1499,1494,1500,1496.125,1484,1500,871,853,862,868,893,865,890,855,869.625,853,893,6957,74,67,62,81,77,62,69,60
1743970428,1739.0,1754,1727,1748.5,1766,1732,1723.5,1744,1701,1702.625,1717,1678,1689.75,1711,1677,1719.75,1734,1708,1703.375,1721,1683,1701.25,1718,1687,1715.96875,1677,1766,1488,1492,1499,1500,1497,1499,1493,1499,1495.875,1488,1500,890,852,859,881,892,865,890,851,872.5,851,892,6980,74,68,62,81,77,62,69,60
1743970429,1748.25,1763,1736,1762.875,1781,1746,1746.75,1768,1725,1716.25,1731,1699,1724.875,1747,1712,1746.75,1762,1735,1730.25,1747,1711,1742.625,1759,1729,1739.828125,1699,1781,1492,1500,1499,1499,1496,1496,1492,1494,1496.0,1492,1500,882,863,864,892,903,872,903,870,881.125,863,903,7049,74,68,63,81,77,62,69,60
1743970430,1711.875,1731,1685,1714.625,1733,1697,1711.75,1730,1690,1675.5,1692,1658,1681.5,1703,1668,1700.875,1716,1688,1687.5,1704,1670,1669.375,1687,1655,1694.125,1655,1733,1497,1496,1500,1496,1496,1499,1500,1500,1498.0,1496,1500,872,851,857,884,898,848,881,840,866.375,840,898,6931,74,68,63,81,77,62,69,60
1743970431,1736.5,1751,1724,1758.625,1777,1741,1724.875,1743,1703,1696.375,1710,1680,1716.75,1740,1703,1737.125,1751,1726,1696.875,1714,1678,1718.125,1736,1704,1723.15625,1678,1777,1491,1498,1500,1499,1492,1494,1495,1495,1495.5,1491,1500,882,862,875,896,907,876,906,870,884.25,862,907,7074,74,68,63,81,77,62,70,60
1743970433,1721.25,1736,1705,1723.0,1741,1709,1714.0,1735,1692,1682.625,1698,1666,1693.125,1715,1680,1709.25,1727,1696,1698.25,1716,1674,1699.75,1717,1686,1705.15625,1666,1741,1495,1495,1500,1497,1489,1493,1490,1496,1494.375,1489,1500,876,855,863,890,901,861,895,861,875.25,855,901,7002,74,68,63,81,77,62,70,60
1743970434,1708.875,1724,1697,1719.0,1737,1704,1706.625,1725,1685,1669.5,1684,1654,1688.875,1711,1675,1708.125,1721,1696,1674.125,1691,1656,1694.125,1713,1678,1696.15625,1654,1737,1496,1498,1500,1500,1496,1500,1496,1497,1497.875,1496,1500,881,843,868,876,910,860,883,845,870.75,843,910,6966,74,68,63,81,77,62,70,60
1743970435,1744.625,1760,1731,1743.0,1761,1726,1715.375,1736,1693,1702.375,1715,1686,1697.375,1719,1685,1717.25,1734,1702,1711.0,1729,1693,1709.125,1725,1694,1717.515625,1685,1761,1493,1498,1500,1496,1492,1493,1495,1495,1495.25,1492,1500,885,859,866,896,912,874,898,867,882.125,859,912,7057,74,68,63,81,77,62,70,61
1743970436,1710.25,1725,1697,1719.0,1738,1703,1710.625,1729,1689,1673.75,1688,1658,1689.125,1710,1676,1711.375,1725,1698,1665.375,1682,1645,1703.375,1722,1688,1697.859375,1645,1738,1493,1498,1500,1500,1494,1496,1490,1496,1495.875,1490,1500,873,837,853,875,891,858,871,848,863.25,837,891,6906,74,68,63,81,77,62,70,61
1743970438,1752.25,1768,1738,1752.125,1771,1736,1741.375,1761,1719,1711.125,1725,1697,1722.0,1743,1710,1742.125,1758,1730,1730.0,1747,1711,1753.125,1769,1740,1738.015625,1697,1771,1486,1497,1500,1491,1493,1492,1491,1498,1493.5,1486,1500,875,855,869,891,903,873,900,868,879.25,855,903,7034,74,68,63,81,77,62,70,61
1743970439,1719.75,1736,1707,1728.125,1746,1712,1714.375,1735,1691,1666.125,1678,1649,1696.5,1718,1684,1722.625,1740,1710,1680.375,1698,1661,1705.25,1722,1692,1704.140625,1649,1746,1489,1497,1500,1498,1490,1500,1498,1498,1496.25,1489,1500,882,854,865,877,904,869,885,866,875.25,854,904,7002,74,69,63,81,77,62,70,61
1743970440,1759.75,1776,1746,1757.375,1777,1742,1744.75,1765,1722,1726.75,1742,1710,1718.75,1740,1706,1743.0,1760,1729,1735.375,1753,1715,1744.375,1760,1731,1741.265625,1706,1777,1490,1499,1499,1495,1489,1493,1498,1494,1494.625,1489,1499,895,869,872,901,907,890,903,878,889.375,869,907,7115,74,69,63,81,77,62,70,61
1743970442,1754.75,1771,1741,1764.25,1786,1749,1730.5,1747,1709,1697.375,1711,1682,1724.75,1747,1713,1745.25,1761,1732,1716.0,1732,1695,1742.125,1758,1728,1734.375,1682,1786,1491,1491,1497,1491,1491,1492,1492,1496,1492.625,1491,1497,891,863,873,889,898,872,902,871,882.375,863,902,7059,75,69,63,82,77,63,70,61
1743970443,1738.625,1754,1725,1743.75,1763,1727,1701.25,1721,1677,1680.25,1694,1665,1697.625,1719,1685,1743.625,1758,1731,1702.375,1721,1683,1715.125,1731,1701,1715.328125,1665,1763,1493,1497,1497,1500,1486,1495,1489,1494,1493.875,1486,1500,884,863,850,876,903,866,896,864,875.25,850,903,7002,75,69,63,81,77,62,70,61
1743970444,1731.625,1748,1718,1728.0,1747,1711,1685.125,1705,1662,1680.125,1693,1664,1687.125,1708,1675,1697.625,1714,1685,1701.875,1719,1682,1706.75,1722,1693,1702.28125,1662,1748,1488,1498,1500,1500,1491,1494,1496,1496,1495.375,1488,1500,885,855,843,879,901,859,888,861,871.375,843,901,6971,75,69,63,81,77,62,70,61
1743970445,1733.375,1751,1718,1726.0,1744,1709,1666.5,1686,1644,1677.625,1692,1661,1683.125,1704,1671,1696.75,1712,1683,1701.5,1723,1679,1711.0,1727,1697,1699.484375,1644,1751,1496,1496,1500,1500,1494,1495,1492,1499,1496.5,1492,1500,880,851,837,877,889,856,887,863,867.5,837,889,6940,75,69,63,81,77,62,70,61
1743970447,1719.5,1736,1706,1726.25,1746,1710,1659.875,1679,1638,1681.0,1696,1665,1689.5,1710,1675,1696.75,1713,1686,1683.5,1701,1662,1712.625,1730,1699,1696.125,1638,1746,1491,1498,1499,1494,1497,1500,1493,1489,1495.125,1489,1500,872,840,831,873,874,837,889,853,858.625,831,889,6869,75,69,63,81,77,62,70,61
1743970448,1760.625,1777,1746,1761.75,1781,1746,1732.0,1750,1711,1725.625,1740,1708,1721.375,1742,1709,1739.375,1754,1726,1732.125,1750,1711,1755.875,1771,1742,1741.09375,1708,1781,1488,1492,1499,1493,1499,1497,1491,1491,1493.75,1488,1499,885,859,866,890,901,874,902,878,881.875,859,902,7055,75,69,63,82,77,62,70,61
1743970449,1759.25,1776,1745,1767.625,1787,1751,1747.875,1767,1726,1724.875,1737,1708,1721.0,1741,1708,1756.75,1773,1739,1743.125,1759,1722,1747.0,1762,1733,1745.9375,1708,1787,1482,1495,1499,1497,1499,1494,1496,1496,1494.75,1482,1499,889,867,870,898,904,872,911,877,886.0,867,911,7088,75,69,63,82,77,62,70,61
1743970450,1740.75,1757,1727,1734.875,1753,1718,1693.25,1712,1671,1678.75,1691,1663,1685.75,1706,1673,1703.75,1718,1692,1703.0,1721,1683,1711.625,1728,1696,1706.46875,1663,1757,1488,1498,1492,1499,1493,1493,1489,1495,1493.375,1488,1499,881,853,848,866,891,862,888,862,868.875,848,891,6951,75,69,63,82,77,62,70,61
1743970452,1757.75,1775,1744,1756.25,1775,1741,1723.75,1743,1703,1693.5,1708,1676,1695.375,1718,1676,1734.125,1748,1722,1719.25,1736,1700,1728.625,1745,1714,1726.078125,1676,1775,1484,1493,1498,1500,1489,1495,1490,1492,1492.625,1484,1500,883,865,867,881,907,880,889,867,879.875,865,907,7039,75,69,63,82,77,63,70,61
1743970453,1748.5,1765,1734,1745.875,1765,1730,1718.75,1738,1698,1704.625,1718,1688,1703.75,1719,1692,1742.0,1756,1729,1723.75,1742,1701,1731.0,1747,1717,1727.28125,1688,1765,1485,1499,1499,1500,1493,1494,1498,1494,1495.25,1485,1500,886,864,864,887,903,876,898,869,880.875,864,903,7047,75,69,63,82,77,63,70,61
1743970454,1721.375,1739,1708,1737.75,1757,1721,1698.5,1718,1676,1661.875,1676,1645,1696.25,1719,1684,1716.375,1731,1703,1687.75,1706,1667,1693.875,1710,1679,1701.71875,1645,1757,1483,1496,1500,1499,1492,1497,1494,1496,1494.625,1483,1500,884,860,848,876,907,866,888,854,872.875,848,907,6983,75,69,63,82,78,63,70,61
1743970455,1717.25,1735,1705,1722.125,1741,1705,1688.875,1706,1667,1661.5,1678,1645,1687.75,1709,1675,1717.125,1731,1705,1685.375,1702,1665,1692.0,1707,1677,1696.5,1645,1741,1492,1496,1500,1499,1496,1497,1497,1497,1496.75,1492,1500,880,856,850,874,900,861,896,852,871.125,850,900,6969,75,69,63,82,78,63,70,61
1743970457,1712.125,1729,1699,1711.5,1730,1694,1708.875,1729,1686,1654.75,1670,1639,1687.75,1709,1676,1708.25,1725,1694,1699.875,1717,1680,1706.125,1721,1691,1698.65625,1639,1730,1493,1495,1500,1499,1492,1496,1494,1493,1495.25,1492,1500,871,848,857,868,897,851,886,855,866.625,848,897,6933,75,69,63,81,78,62,70,61
1743970458,1734.5,1751,1721,1753.5,1773,1738,1722.75,1741,1700,1686.875,1700,1670,1718.25,1740,1706,1732.375,1749,1718,1707.625,1725,1687,1731.125,1747,1716,1723.375,1670,1773,1489,1495,1493,1498,1492,1489,1487,1495,1492.25,1487,1498,888,860,880,890,903,870,896,867,881.75,860,903,7054,75,69,63,82,78,63,70,61
1743970459,1745.625,1762,1732,1740.375,1759,1725,1713.125,1733,1691,1696.0,1710,1677,1703.875,1725,1692,1711.0,1726,1698,1715.125,1732,1693,1730.75,1747,1715,1719.484375,1677,1762,1490,1497,1499,1499,1494,1496,1495,1497,1495.875,1490,1499,882,863,868,888,910,869,901,862,880.375,862,910,7043,75,69,64,82,78,63,70,61
1743970460,1728.625,1746,1715,1738.375,1757,1721,1722.625,1744,1699,1664.875,1678,1647,1698.5,1720,1687,1723.75,1740,1705,1700.875,1718,1681,1709.5,1725,1695,1710.890625,1647,1757,1489,1497,1500,1499,1494,1494,1484,1498,1494.375,1484,1500,882,857,862,878,896,864,898,863,875.0,857,898,7000,75,69,64,82,78,63,70,61
1743970462,1734.375,1751,1721,1755.875,1776,1740,1717.5,1737,1695,1694.125,1707,1678,1717.125,1739,1705,1722.125,1739,1709,1705.0,1722,1684,1720.5,1737,1705,1720.828125,1678,1776,1488,1493,1500,1496,1490,1498,1496,1496,1494.625,1488,1500,893,862,864,887,901,876,902,859,880.5,859,902,7044,75,69,64,82,78,63,70,61
1743970463,1725.75,1743,1712,1745.375,1764,1727,1705.125,1724,1683,1679.25,1692,1663,1701.875,1724,1690,1709.25,1727,1695,1696.375,1713,1676,1695.625,1711,1682,1707.328125,1663,1764,1493,1497,1500,1494,1489,1488,1498,1497,1494.5,1488,1500,884,857,870,888,901,859,896,852,875.875,852,901,7007,75,69,64,82,78,63,70,61
1743970464,1726.625,1745,1713,1745.75,1765,1731,1713.125,1733,1690,1680.125,1693,1665,1700.75,1723,1688,1721.0,1736,1707,1699.5,1716,1680,1711.5,1730,1696,1712.296875,1665,1765,1496,1496,1500,1496,1491,1497,1494,1495,1495.625,1491,1500,886,861,873,896,912,874,902,866,883.75,861,912,7070,75,69,64,82,78,63,70,61
1743970465,1723.375,1741,1710,1739.875,1759,1722,1698.375,1717,1676,1678.5,1691,1662,1701.625,1724,1690,1703.5,1719,1690,1699.0,1716,1677,1711.75,1729,1697,1707.0,1662,1759,1497,1498,1500,1498,1497,1498,1494,1496,1497.25,1494,1500,884,864,864,894,902,867,892,852,877.375,852,902,7019,75,69,64,82,78,62,70,61
1743970467,1698.625,1715,1685,1721.5,1740,1706,1713.0,1730,1691,1663.25,1677,1646,1689.25,1710,1678,1718.375,1732,1706,1665.25,1683,1644,1689.625,1707,1676,1694.859375,1644,1740,1498,1496,1500,1497,1498,1497,1493,1492,1496.375,1492,1500,864,851,861,876,894,855,877,847,865.625,847,894,6925,75,69,64,82,78,63,70,61
1743970468,1754.5,1770,1739,1776.0,1795,1759,1757.625,1777,1734,1721.375,1733,1705,1731.5,1752,1720,1756.875,1773,1743,1721.75,1738,1700,1746.25,1765,1722,1745.734375,1700,1795,1487,1494,1495,1490,1493,1484,1487,1494,1490.5,1484,1495,884,863,874,901,898,863,903,871,882.125,863,903,7057,75,69,63,82,78,62,70,61
1743970469,1715.625,1734,1703,1719.25,1740,1700,1693.25,1714,1670,1675.125,1689,1659,1686.375,1706,1674,1697.875,1713,1685,1675.75,1694,1657,1674.875,1690,1658,1692.265625,1657,1740,1495,1497,1500,1499,1500,1500,1499,1499,1498.625,1495,1500,869,845,859,867,904,859,878,836,864.625,836,904,6917,75,69,63,82,78,62,70,61
1743970471,1740.875,1758,1727,1733.875,1752,1716,1722.0,1743,1698,1693.875,1708,1676,1687.125,1707,1675,1725.5,1742,1712,1702.875,1721,1682,1711.875,1726,1697,1714.75,1675,1758,1492,1498,1500,1497,1487,1492,1492,1491,1493.625,1487,1500,884,852,870,884,902,870,893,866,877.625,852,902,7021,75,69,63,82,78,62,70,61
1743970472,1724.375,1741,1710,1744.25,1762,1729,1716.75,1736,1694,1667.375,1682,1650,1706.25,1727,1694,1731.75,1747,1718,1687.625,1710,1668,1723.0,1739,1709,1712.671875,1650,1762,1494,1496,1497,1500,1497,1498,1494,1500,1497.0,1494,1500,882,863,866,876,902,867,887,868,876.375,863,902,7011,75,69,63,82,77,62,70,61
1743970473,1705.625,1722,1691,1713.75,1732,1698,1711.0,1733,1687,1659.625,1675,1645,1680.375,1700,1669,1704.625,1719,1691,1671.0,1689,1649,1688.625,1705,1675,1691.828125,1645,1733,1483,1496,1500,1492,1492,1495,1496,1495,1493.625,1483,1500,876,850,858,870,893,854,883,857,867.625,850,893,6941,75,68,63,81,77,62,70,61
1743970474,1736.0,1753,1721,1729.75,1748,1712,1707.0,1726,1684,1681.875,1696,1665,1708.125,1728,1696,1701.5,1718,1687,1694.75,1713,1675,1713.25,1728,1697,1709.03125,1665,1753,1491,1497,1500,1499,1497,1490,1493,1493,1495.0,1490,1500,885,860,865,869,899,861,883,861,872.875,860,899,6983,75,69,63,81,77,62,70,61
1743970476,1749.25,1766,1735,1754.0,1773,1738,1732.375,1753,1708,1714.5,1728,1699,1718.0,1738,1706,1750.75,1765,1736,1726.0,1745,1704,1745.875,1761,1732,1736.34375,1699,1773,1487,1498,1500,1492,1497,1490,1492,1493,1493.625,1487,1500,888,858,860,886,903,870,899,865,878.625,858,903,7029,75,68,63,81,77,62,70,61
1743970477,1726.0,1743,1712,1747.375,1767,1730,1706.875,1728,1684,1680.25,1698,1663,1706.25,1727,1694,1738.875,1753,1725,1699.125,1718,1678,1720.0,1736,1706,1715.59375,1663,1767,1490,1498,1500,1498,1496,1497,1491,1494,1495.5,1490,1500,885,863,857,882,911,863,895,876,879.0,857,911,7032,74,69,63,81,77,62,70,61
1743970478,1718.75,1736,1705,1740.375,1760,1723,1680.25,1701,1656,1666.75,1680,1651,1685.875,1707,1674,1699.375,1714,1687,1678.375,1696,1657,1705.625,1722,1692,1696.921875,1651,1760,1492,1495,1496,1500,1498,1497,1490,1500,1496.0,1490,1500,873,853,851,874,883,863,879,857,866.625,851,883,6933,74,68,63,81,77,62,70,61
1743970479,1727.75,1745,1715,1748.5,1767,1732,1688.375,1710,1663,1677.125,1690,1661,1690.125,1711,1677,1715.875,1730,1702,1684.875,1703,1663,1723.125,1739,1710,1706.96875,1661,1767,1487,1493,1500,1498,1500,1496,1487,1496,1494.625,1487,1500,886,857,844,879,896,858,895,866,872.625,844,896,6981,74,68,62,81,77,62,70,61
1743970481,1845.5,1861,1830,1857.5,1873,1840,1820.875,1841,1799,1796.25,1809,1780,1789.25,1806,1776,1825.25,1841,1811,1829.0,1844,1810,1836.5,1852,1824,1825.015625,1776,1873,1490,1496,1500,1492,1495,1498,1495,1493,1494.875,1490,1500,862,838,831,860,872,835,869,847,851.75,831,872,6814,74,68,62,81,77,62,70,61
1743970482,1760.5,1778,1744,1758.875,1775,1739,1739.25,1758,1716,1718.75,1730,1703,1713.75,1730,1698,1752.0,1768,1736,1729.625,1746,1712,1736.25,1751,1724,1738.625,1698,1778,1490,1498,1500,1497,1495,1493,1496,1498,1495.875,1490,1500,896,866,873,903,907,875,901,868,886.125,866,907,7089,74,68,63,81,77,62,70,61
1743970483,1743.375,1761,1727,1748.875,1764,1728,1722.5,1740,1701,1689.125,1701,1673,1716.875,1734,1702,1725.625,1742,1708,1713.75,1729,1697,1736.875,1751,1725,1724.625,1673,1764,1491,1494,1500,1497,1495,1489,1486,1493,1493.125,1486,1500,879,857,858,887,899,868,896,867,876.375,857,899,7011,74,68,63,82,77,62,70,61
1743970485,1736.0,1753,1720,1726.625,1741,1706,1687.375,1704,1667,1683.75,1697,1667,1683.125,1699,1667,1707.75,1723,1689,1700.125,1716,1681,1701.5,1714,1689,1703.28125,1667,1753,1496,1498,1500,1496,1490,1496,1496,1498,1496.25,1490,1500,885,849,848,879,887,859,883,862,869.0,848,887,6952,74,68,62,81,77,62,70,60
1743970486,1737.375,1755,1722,1718.75,1734,1698,1680.375,1697,1660,1674.375,1687,1658,1680.0,1697,1665,1699.875,1716,1685,1694.0,1710,1676,1676.75,1689,1664,1695.1875,1658,1755,1494,1496,1499,1495,1495,1492,1497,1498,1495.75,1492,1499,879,849,843,868,882,856,879,843,862.375,843,882,6899,74,68,62,81,76,62,69,60
1743970487,1735.125,1752,1720,1712.375,1727,1692,1670.75,1686,1650,1666.375,1679,1649,1675.75,1693,1660,1702.875,1717,1689,1687.0,1703,1671,1680.25,1693,1668,1691.3125,1649,1752,1492,1500,1500,1500,1484,1500,1498,1496,1496.25,1484,1500,875,846,833,861,892,858,869,841,859.375,833,892,6875,74,68,62,81,77,62,69,60
1743970488,1733.75,1751,1720,1739.25,1755,1719,1713.0,1729,1691,1677.0,1690,1660,1702.625,1720,1687,1731.875,1746,1717,1701.125,1717,1684,1704.125,1716,1692,1712.84375,1660,1755,1491,1493,1500,1495,1490,1496,1497,1495,1494.625,1490,1500,884,857,853,869,892,859,891,854,869.875,853,892,6959,74,68,62,81,77,62,69,60
1743970490,1724.75,1741,1711,1722.875,1740,1704,1702.0,1718,1681,1666.875,1680,1652,1690.0,1707,1675,1706.5,1721,1691,1688.625,1705,1671,1696.375,1709,1684,1699.75,1652,1741,1496,1499,1500,1499,1496,1498,1491,1491,1496.25,1491,1500,876,850,853,884,892,855,888,858,869.5,850,892,6956,74,68,62,81,77,62,69,60
1743970491,1757.125,1774,1743,1781.5,1798,1761,1764.0,1781,1742,1725.125,1738,1712,1750.375,1768,1735,1766.75,1781,1751,1732.875,1750,1714,1766.875,1782,1754,1755.578125,1712,1798,1491,1494,1494,1494,1496,1487,1492,1492,1492.5,1487,1496,889,862,873,897,906,879,906,874,885.75,862,906,7086,74,68,63,81,77,62,69,60
1743970492,1730.5,1747,1716,1718.5,1734,1699,1703.25,1721,1681,1669.0,1681,1652,1680.75,1699,1665,1696.0,1710,1681,1696.5,1713,1679,1685.625,1699,1673,1697.515625,1652,1747,1496,1498,1500,1496,1494,1499,1499,1498,1497.5,1494,1500,882,857,868,867,901,856,890,849,871.25,849,901,6970,74,68,63,81,77,62,69,60
1743970493,1736.75,1754,1723,1763.125,1779,1743,1731.375,1748,1710,1686.625,1699,1674,1714.25,1733,1699,1747.0,1762,1732,1709.625,1725,1693,1730.625,1745,1718,1727.421875,1674,1779,1482,1498,1500,1499,1487,1496,1492,1496,1493.75,1482,1500,886,865,872,891,907,871,902,867,882.625,865,907,7061,74,68,63,81,77,62,69,60
1743970495,1720.5,1737,1707,1729.75,1746,1710,1709.0,1727,1687,1671.0,1683,1654,1693.0,1711,1678,1701.5,1717,1685,1686.375,1702,1668,1687.625,1701,1675,1699.84375,1654,1746,1493,1500,1500,1499,1495,1496,1496,1494,1496.625,1493,1500,877,860,863,881,901,860,891,856,873.625,856,901,6989,74,68,63,81,77,62,69,60
1743970496,1751.75,1769,1735,1744.5,1761,1726,1728.75,1748,1706,1714.5,1729,1697,1698.0,1716,1682,1738.5,1753,1723,1723.0,1739,1704,1722.5,1735,1710,1727.6875,1682,1769,1494,1496,1498,1498,1489,1498,1496,1492,1495.125,1489,1498,889,869,872,897,900,878,903,870,884.75,869,903,7078,74,68,63,81,77,62,69,60
1743970497,1716.875,1734,1702,1722.25,1739,1703,1710.375,1729,1688,1678.375,1694,1660,1684.75,1704,1670,1709.5,1722,1696,1691.125,1707,1673,1694.25,1707,1681,1700.9375,1660,1739,1494,1497,1500,1500,1491,1500,1493,1492,1495.875,1491,1500,876,850,853,877,892,852,883,849,866.5,849,892,6932,74,68,63,81,77,62,69,60
1743970499,1742.75,1759,1728,1747.75,1766,1723,1733.875,1753,1712,1721.0,1735,1705,1708.375,1726,1694,1747.125,1762,1732,1721.875,1737,1704,1730.125,1744,1717,1731.609375,1694,1766,1483,1489,1498,1495,1489,1495,1493,1495,1492.125,1483,1498,872,857,869,889,902,868,902,866,878.125,857,902,7025,73,68,63,81,76,62,69,60
1743970500,1765.875,1784,1752,1784.25,1802,1765,1753.375,1771,1731,1727.25,1739,1712,1741.25,1759,1725,1762.625,1777,1749,1736.125,1752,1715,1766.25,1781,1753,1754.625,1712,1802,1488,1499,1499,1495,1498,1497,1484,1490,1493.75,1484,1499,893,865,878,907,903,878,903,881,888.5,865,907,7108,73,68,63,81,76,62,69,60
1743970501,1744.25,1763,1731,1756.625,1775,1735,1713.125,1732,1692,1704.875,1717,1690,1717.5,1735,1702,1730.25,1744,1716,1713.75,1729,1697,1730.25,1745,1717,1726.328125,1690,1775,1492,1493,1499,1499,1492,1492,1492,1491,1493.75,1491,1499,884,859,873,893,907,871,899,869,881.875,859,907,7055,73,68,63,81,76,62,69,60
1743970502,1726.375,1744,1712,1741.875,1759,1725,1715.875,1733,1695,1680.5,1692,1664,1705.0,1723,1690,1736.75,1751,1723,1697.625,1713,1680,1711.0,1725,1699,1714.375,1664,1759,1486,1489,1500,1499,1492,1495,1494,1497,1494.0,1486,1500,883,859,870,886,909,873,891,862,879.125,859,909,7033,73,68,63,81,76,62,69,60
1743970504,1722.25,1738,1707,1710.375,1727,1693,1714.625,1733,1693,1682.125,1696,1664,1674.25,1692,1660,1708.625,1723,1694,1692.625,1708,1673,1691.375,1704,1678,1699.53125,1660,1738,1493,1500,1500,1494,1497,1500,1499,1498,1497.625,1493,1500,877,847,865,881,902,865,889,861,873.375,847,902,6987,73,68,63,81,76,62,69,60
1743970505,1745.25,1762,1730,1747.75,1765,1730,1719.375,1736,1699,1691.5,1704,1676,1710.875,1729,1695,1726.375,1740,1712,1706.375,1722,1689,1733.125,1748,1720,1722.578125,1676,1765,1485,1490,1499,1496,1494,1497,1492,1496,1493.625,1485,1499,887,865,867,893,900,876,896,876,882.5,865,900,7060,73,68,63,81,76,62,69,60
1743970506,1715.75,1731,1702,1721.625,1740,1702,1698.0,1715,1677,1662.375,1676,1647,1690.875,1710,1675,1699.0,1712,1685,1672.375,1687,1655,1699.0,1713,1686,1694.875,1647,1740,1493,1498,1499,1499,1495,1500,1498,1500,1497.75,1493,1500,878,849,855,872,895,863,881,859,869.0,849,895,6952,73,68,62,80,76,62,69,60
1743970507,1737.375,1753,1724,1722.0,1743,1702,1727.625,1746,1706,1689.75,1704,1675,1704.375,1722,1688,1730.125,1744,1716,1717.0,1732,1699,1730.625,1744,1718,1719.859375,1675,1753,1494,1497,1500,1497,1493,1500,1490,1487,1494.75,1487,1500,876,852,867,878,899,862,882,864,872.5,852,899,6980,73,68,62,81,76,62,69,60
1743970509,1830.0,1845,1815,1822.75,1839,1805,1811.875,1828,1791,1802.0,1814,1786,1828.875,1846,1815,1820.5,1836,1806,1799.875,1815,1782,1834.75,1849,1823,1818.828125,1782,1849,1490,1492,1500,1495,1495,1495,1496,1497,1495.0,1490,1500,866,839,837,869,881,850,875,846,857.875,837,881,6863,73,68,62,81,76,62,69,60
1743970510,1826.875,1841,1813,1834.0,1849,1816,1807.875,1825,1786,1800.125,1811,1786,1817.75,1834,1804,1809.0,1823,1796,1793.875,1809,1778,1830.125,1845,1819,1814.953125,1778,1849,1495,1497,1497,1499,1497,1499,1494,1496,1496.75,1494,1499,862,834,831,855,885,835,861,850,851.625,831,885,6813,73,68,62,80,76,62,69,60
1743970511,1850.125,1857,1840,1881.5,1892,1876,1804.625,1811,1792,1767.75,1773,1760,1821.25,1832,1817,1807.25,1816,1802,1780.625,1790,1770,1812.25,1818,1807,1815.671875,1760,1892,1500,1500,1500,1500,1500,1500,1500,1500,1500.0,1500,1500,688,652,654,687,708,664,692,674,677.375,652,708,5419,71,65,60,78,74,59,68,60
1743970512,1834.875,1843,1826,1872.75,1886,1865,1789.75,1799,1775,1751.0,1756,1744,1798.75,1809,1791,1807.25,1816,1802,1771.5,1781,1761,1805.875,1812,1800,1803.96875,1744,1886,1500,1500,1500,1500,1500,1500,1500,1500,1500.0,1500,1500,724,685,681,707,701,685,714,683,697.5,681,724,5580,67,60,58,72,70,56,67,59
1743970514,1838.375,1846,1829,1881.375,1894,1875,1788.25,1796,1775,1754.375,1760,1747,1796.625,1807,1790,1804.375,1813,1800,1773.5,1782,1764,1805.0,1812,1798,1805.234375,1747,1894,1500,1500,1500,1500,1500,1500,1500,1500,1500.0,1500,1500,719,681,672,702,698,686,710,695,695.375,672,719,5563,66,58,57,70,69,55,67,59
1743970515,1834.125,1842,1824,1874.125,1886,1868,1804.0,1812,1790,1781.25,1787,1774,1827.125,1836,1821,1836.25,1845,1833,1800.0,1805,1790,1820.375,1827,1813,1822.15625,1774,1886,1500,1500,1500,1500,1500,1500,1500,1500,1500.0,1500,1500,726,689,659,666,660,647,671,659,672.125,647,726,5377,65,57,57,69,68,55,67,58
1743970516,1846.625,1854,1837,1885.0,1898,1878,1802.875,1811,1788,1766.75,1772,1759,1809.375,1819,1803,1822.625,1830,1818,1784.125,1794,1774,1805.5,1812,1800,1815.359375,1759,1898,1500,1500,1500,1500,1500,1500,1500,1500,1500.0,1500,1500,706,671,667,697,689,678,708,683,687.375,667,708,5499,65,56,56,69,68,54,66,58
1743970517,1864.125,1872,1856,1890.625,1901,1887,1823.875,1832,1809,1786.75,1792,1779,1829.25,1839,1821,1836.5,1845,1833,1812.375,1822,1803,1834.875,1841,1829,1834.796875,1779,1901,1500,1500,1500,1500,1500,1500,1500,1500,1500.0,1500,1500,670,640,638,671,670,658,689,670,663.25,638,689,5306,64,56,56,69,68,54,66,58
1743970519,1840.5,1849,1830,1880.75,1892,1874,1798.0,1806,1784,1761.0,1767,1755,1799.5,1811,1793,1815.875,1824,1811,1784.5,1795,1775,1801.875,1809,1795,1810.25,1755,1892,1500,1500,1500,1500,1500,1500,1500,1500,1500.0,1500,1500,719,680,682,699,702,688,714,684,696.0,680,719,5568,64,56,56,68,67,54,66,58
1743970520,1828.125,1836,1817,1874.5,1888,1868,1792.5,1800,1778,1774.375,1779,1766,1836.625,1848,1832,1813.75,1820,1810,1795.0,1805,1785,1813.375,1819,1807,1816.03125,1766,1888,1500,1500,1500,1499,1500,1497,1500,1500,1499.5,1497,1500,739,694,657,664,683,651,682,659,678.625,651,739,5429,64,56,56,68,67,54,66,58
1743970521,1839.625,1849,1829,1881.5,1894,1876,1791.625,1800,1777,1757.0,1763,1750,1819.625,1831,1815,1795.25,1803,1791,1783.125,1795,1772,1798.25,1805,1791,1808.25,1750,1894,1500,1500,1500,1500,1500,1500,1500,1500,1500.0,1500,1500,722,683,676,702,721,687,722,671,698.0,671,722,5584,64,56,56,68,67,54,66,58
1743970522,1858.0,1866,1848,1899.5,1911,1895,1817.5,1826,1804,1781.0,1786,1777,1841.375,1852,1836,1826.0,1837,1821,1802.0,1811,1795,1812.625,1819,1805,1829.75,1777,1911,1500,1500,1500,1500,1500,1500,1500,1500,1500.0,1500,1500,685,643,639,665,681,656,688,659,664.5,639,688,5316,64,55,56,68,67,54,66,57
1743970524,1849.625,1857,1839,1879.75,1891,1873,1806.625,1815,1792,1756.875,1762,1750,1822.5,1833,1818,1803.25,1812,1797,1787.25,1797,1779,1796.25,1803,1788,1812.765625,1750,1891,1500,1500,1500,1500,1500,1500,1500,1500,1500.0,1500,1500,699,680,681,697,714,684,710,688,694.125,680,714,5553,64,55,56,67,67,53,65,57
1743970525,1849.25,1856,1840,1890.5,1903,1884,1814.125,1823,1800,1751.625,1755,1745,1827.5,1838,1823,1805.75,1814,1801,1792.875,1803,1784,1807.375,1813,1801,1817.375,1745,1903,1500,1500,1499,1499,1499,1499,1499,1500,1499.375,1499,1500,698,663,673,679,708,671,705,679,684.5,663,708,5476,63,55,55,67,67,53,65,57
1743970526,1842.0,1851,1832,1884.5,1897,1879,1804.5,1814,1790,1741.625,1746,1735,1815.0,1826,1810,1799.0,1807,1794,1811.625,1822,1802,1827.75,1834,1820,1815.75,1735,1897,1500,1500,1500,1500,1500,1500,1500,1500,1500.0,1500,1500,714,686,693,694,722,673,673,636,686.375,636,722,5491,63,55,55,67,67,53,65,57
1743970528,1835.5,1844,1826,1878.125,1890,1872,1797.75,1808,1784,1737.75,1742,1733,1815.0,1826,1810,1791.25,1800,1786,1783.5,1794,1775,1793.625,1802,1787,1804.0625,1733,1890,1500,1500,1500,1500,1500,1500,1500,1500,1500.0,1500,1500,727,691,694,698,727,680,718,689,703.0,680,727,5624,63,55,55,67,66,53,65,57
1743970529,1829.625,1838,1819,1864.125,1876,1859,1821.0,1829,1807,1774.0,1778,1767,1835.625,1846,1831,1811.0,1819,1806,1815.625,1825,1807,1821.375,1828,1815,1821.546875,1767,1876,1500,1500,1500,1500,1500,1500,1500,1500,1500.0,1500,1500,724,666,665,672,691,656,701,671,680.75,656,724,5446,63,55,55,67,66,53,65,57
1743970530,1834.25,1842,1819,1870.375,1883,1865,1803.25,1811,1789,1744.25,1749,1738,1820.5,1831,1816,1805.25,1812,1801,1781.25,1792,1771,1797.875,1805,1791,1807.125,1738,1883,1499,1499,1499,1499,1499,1499,1496,1498,1498.5,1496,1499,715,688,690,701,722,686,717,691,701.25,686,722,5610,63,55,55,67,66,53,65,57
1743970531,1839.375,1847,1827,1878.75,1890,1873,1804.5,1813,1790,1746.75,1752,1740,1834.0,1845,1830,1827.375,1835,1823,1824.0,1834,1815,1830.25,1836,1824,1823.125,1740,1890,1500,1500,1500,1500,1500,1500,1500,1500,1500.0,1500,1500,718,692,700,690,694,632,665,647,679.75,632,718,5438,63,55,55,67,66,53,65,57
1743970533,1846.0,1854,1835,1891.875,1904,1885,1808.0,1818,1793,1753.875,1759,1747,1821.25,1832,1817,1804.25,1815,1799,1793.0,1802,1785,1806.25,1813,1799,1815.5625,1747,1904,1500,1500,1500,1500,1500,1500,1500,1500,1500.0,1500,1500,699,680,689,696,718,685,713,688,696.0,680,718,5568,63,55,55,67,66,53,65,57
1743970534,1847.25,1854,1836,1887.375,1899,1882,1809.25,1819,1795,1752.5,1756,1747,1819.25,1830,1816,1804.625,1813,1800,1787.375,1798,1778,1806.625,1812,1801,1814.28125,1747,1899,1500,1500,1500,1500,1500,1500,1500,1500,1500.0,1500,1500,705,680,682,681,707,675,696,680,688.25,675,707,5506,63,55,55,67,66,53,65,57
1743970535,1842.375,1850,1831,1874.25,1887,1868,1803.25,1812,1789,1753.625,1758,1747,1807.75,1818,1802,1805.5,1813,1801,1765.875,1777,1757,1798.75,1805,1791,1806.421875,1747,1887,1498,1496,1497,1498,1496,1500,1492,1498,1496.875,1492,1500,693,672,687,697,717,684,703,682,691.875,672,717,5535,63,55,56,67,66,53,65,57
1743970536,1829.375,1837,1818,1865.75,1880,1858,1794.5,1805,1780,1734.75,1740,1728,1830.5,1842,1825,1828.25,1838,1823,1823.875,1834,1815,1854.375,1861,1846,1820.171875,1728,1880,1500,1500,1500,1500,1500,1500,1500,1500,1500.0,1500,1500,719,699,708,708,709,650,646,611,681.25,611,719,5450,63,55,56,67,66,54,65,58
1743970538,1846.625,1854,1836,1889.25,1903,1882,1805.75,1814,1792,1746.75,1754,1740,1820.5,1832,1815,1798.625,1805,1794,1777.0,1788,1767,1804.375,1810,1798,1811.109375,1740,1903,1500,1500,1500,1500,1500,1500,1500,1500,1500.0,1500,1500,703,681,690,689,717,682,705,683,693.75,681,717,5550,63,55,56,67,67,54,65,58
1743970539,1835.125,1843,1824,1876.25,1888,1869,1805.5,1816,1791,1756.125,1761,1752,1844.75,1854,1840,1826.375,1835,1822,1804.625,1815,1797,1826.875,1832,1821,1821.953125,1752,1888,1500,1500,1500,1500,1500,1500,1500,1500,1500.0,1500,1500,722,695,688,668,677,637,663,651,675.125,637,722,5401,63,56,56,67,67,54,65,58
1743970540,1842.125,1849,1831,1860.625,1871,1856,1809.375,1818,1795,1767.625,1772,1762,1821.25,1833,1816,1795.75,1804,1791,1780.0,1792,1770,1806.125,1813,1801,1810.359375,1762,1871,1500,1495,1500,1500,1500,1500,1500,1500,1499.375,1495,1500,691,667,685,690,720,675,705,699,691.5,667,720,5532,64,56,56,67,67,54,66,58
1743970542,1845.625,1853,1834,1877.75,1890,1872,1801.0,1814,1786,1749.25,1755,1744,1807.25,1818,1803,1797.5,1807,1793,1799.375,1808,1789,1841.0,1846,1836,1814.84375,1744,1890,1500,1500,1500,1500,1500,1500,1500,1500,1500.0,1500,1500,705,688,694,702,726,664,672,643,686.75,643,726,5494,64,56,56,67,67,54,66,58
1743970543,1860.25,1868,1849,1895.5,1906,1891,1814.0,1821,1800,1785.0,1789,1778,1829.625,1840,1825,1819.25,1826,1815,1789.125,1799,1780,1820.625,1826,1815,1826.671875,1778,1906,1500,1500,1500,1500,1500,1500,1500,1500,1500.0,1500,1500,676,642,643,662,688,656,676,666,663.625,642,688,5309,64,56,56,68,67,54,66,58
1743970544,1828.25,1836,1817,1859.5,1871,1854,1798.125,1807,1784,1764.75,1770,1758,1810.875,1823,1807,1791.75,1801,1786,1785.875,1796,1776,1807.75,1814,1799,1805.859375,1758,1871,1500,1500,1500,1500,1500,1500,1500,1500,1500.0,1500,1500,715,684,684,707,727,688,711,697,701.625,684,727,5613,64,56,57,68,68,55,66,59
1743970545,1843.875,1852,1831,1881.25,1894,1872,1790.75,1800,1776,1756.25,1762,1749,1796.125,1806,1789,1810.75,1821,1806,1786.5,1795,1778,1831.5,1836,1826,1812.125,1749,1894,1500,1500,1500,1500,1500,1500,1500,1500,1500.0,1500,1500,720,693,678,708,701,680,684,646,688.75,646,720,5510,64,56,57,68,68,55,66,59
1743970547,1842.25,1850,1832,1879.375,1892,1872,1790.5,1801,1776,1765.875,1770,1758,1802.125,1812,1795,1811.125,1819,1806,1778.875,1788,1771,1804.25,1812,1797,1809.296875,1758,1892,1500,1500,1500,1500,1500,1500,1500,1500,1500.0,1500,1500,709,672,665,695,695,681,700,695,689.0,665,709,5512,65,56,57,68,68,55,67,59
1743970548,1838.625,1847,1829,1879.0,1892,1871,1789.25,1800,1773,1758.75,1763,1753,1797.625,1807,1791,1805.875,1814,1800,1774.375,1784,1764,1803.625,1811,1796,1805.890625,1753,1892,1500,1500,1500,1500,1500,1500,1500,1500,1500.0,1500,1500,719,688,679,704,703,686,712,678,696.125,678,719,5569,65,56,57,69,68,55,67,59
1743970549,1828.75,1837,1818,1852.375,1865,1846,1786.125,1795,1771,1757.75,1762,1751,1827.625,1836,1821,1856.875,1865,1851,1819.75,1829,1810,1835.625,1841,1829,1820.609375,1751,1865,1500,1500,1500,1500,1500,1500,1500,1500,1500.0,1500,1500,718,690,687,706,687,652,654,633,678.375,633,718,5427,65,57,57,69,68,55,67,59
1743970550,1827.5,1835,1817,1871.25,1884,1865,1786.375,1797,1770,1753.375,1759,1748,1796.25,1807,1787,1806.0,1816,1802,1773.875,1783,1763,1792.375,1800,1783,1800.875,1748,1884,1500,1500,1500,1500,1500,1500,1500,1500,1500.0,1500,1500,725,686,685,705,701,689,714,694,699.875,685,725,5599,65,57,57,69,69,55,67,59
1743970552,1835.0,1843,1824,1875.375,1887,1870,1787.5,1796,1773,1752.625,1757,1746,1788.375,1797,1781,1814.375,1824,1808,1769.75,1779,1760,1794.125,1801,1786,1802.140625,1746,1887,1500,1500,1500,1500,1500,1500,1500,1500,1500.0,1500,1500,721,678,680,704,700,690,714,677,695.5,677,721,5564,66,57,58,69,69,56,68,60
1743970553,1826.75,1834,1817,1869.75,1883,1863,1775.25,1783,1761,1755.875,1760,1749,1815.25,1825,1808,1839.625,1847,1836,1818.0,1828,1809,1851.25,1856,1845,1818.96875,1749,1883,1500,1500,1500,1500,1500,1500,1500,1500,1500.0,1500,1500,729,692,686,688,675,637,644,609,670.0,609,729,5360,66,57,58,69,69,56,68,60
1743970554,1847.875,1855,1838,1885.75,1897,1880,1796.875,1806,1782,1767.75,1772,1764,1814.0,1825,1809,1795.5,1806,1790,1778.875,1788,1768,1800.625,1807,1793,1810.90625,1764,1897,1500,1500,1500,1500,1500,1500,1500,1500,1500.0,1500,1500,688,658,659,684,713,664,695,681,680.25,658,713,5442,66,57,58,70,70,56,68,60
1743970555,1840.375,1846,1831,1865.5,1877,1860,1796.75,1805,1782,1760.5,1766,1756,1813.75,1824,1809,1795.875,1804,1791,1794.5,1805,1786,1813.375,1821,1807,1810.078125,1756,1877,1500,1500,1500,1500,1500,1500,1500,1500,1500.0,1500,1500,695,662,665,683,709,670,711,681,684.5,662,711,5476,66,58,58,70,70,56,68,60
1743970557,1824.875,1831,1815,1873.0,1884,1866,1791.875,1801,1777,1726.375,1730,1721,1802.125,1814,1797,1778.125,1788,1771,1770.625,1780,1762,1783.25,1791,1776,1793.78125,1721,1884,1500,1500,1500,1500,1500,1500,1500,1500,1500.0,1500,1500,721,681,690,699,715,668,709,676,694.875,668,721,5559,67,58,58,70,70,56,69,60
1743970558,1818.75,1825,1808,1866.75,1878,1860,1788.75,1797,1775,1719.0,1724,1714,1789.625,1801,1785,1769.75,1780,1764,1759.0,1770,1749,1779.375,1786,1771,1786.375,1714,1878,1500,1500,1500,1500,1500,1500,1500,1500,1500.0,1500,1500,723,688,699,694,731,687,720,695,704.625,687,731,5637,67,58,59,70,70,57,69,60
1743970559,1826.0,1832,1817,1870.125,1881,1864,1793.875,1804,1779,1729.875,1734,1725,1795.875,1807,1791,1778.125,1786,1772,1767.0,1778,1756,1783.25,1792,1776,1793.015625,1725,1881,1500,1500,1500,1500,1500,1500,1500,1500,1500.0,1500,1500,715,683,687,697,725,680,716,689,699.0,680,725,5592,67,58,59,71,71,57,69,61
1743970560,1820.125,1827,1811,1864.25,1876,1857,1790.0,1800,1775,1721.0,1725,1717,1791.375,1803,1787,1767.0,1777,1761,1759.625,1771,1749,1794.5,1801,1786,1788.484375,1717,1876,1500,1500,1500,1500,1500,1500,1500,1500,1500.0,1500,1500,734,694,700,707,734,689,721,665,705.5,665,734,5644,68,58,59,71,71,57,70,61
1743970562,1813.0,1819,1803,1865.375,1876,1859,1779.5,1788,1765,1719.25,1725,1712,1783.5,1795,1779,1762.5,1771,1757,1756.75,1768,1745,1773.5,1781,1766,1781.671875,1712,1876,1500,1500,1500,1500,1500,1500,1500,1500,1500.0,1500,1500,726,689,690,703,728,681,716,689,702.75,681,728,5622,68,58,59,71,71,57,70,61
1743970563,1813.375,1820,1804,1863.0,1875,1855,1778.625,1788,1764,1725.25,1729,1721,1809.125,1820,1805,1800.875,1808,1796,1798.0,1808,1789,1811.375,1818,1804,1799.953125,1721,1875,1500,1500,1500,1500,1500,1500,1500,1500,1500.0,1500,1500,739,698,706,691,700,629,669,640,684.0,629,739,5472,68,59,59,71,71,57,70,61
1743970564,1834.75,1841,1827,1892.625,1904,1886,1820.875,1828,1807,1761.625,1765,1754,1815.75,1827,1810,1802.0,1811,1797,1783.875,1794,1773,1802.5,1808,1797,1814.25,1754,1904,1500,1500,1500,1500,1500,1500,1500,1500,1500.0,1500,1500,683,640,650,664,691,653,690,661,666.5,640,691,5332,68,59,60,71,72,57,70,61
1743970566,1824.5,1832,1813,1870.125,1881,1863,1786.375,1796,1771,1727.25,1731,1721,1787.5,1800,1782,1775.0,1782,1770,1760.125,1771,1748,1782.125,1788,1776,1789.125,1721,1881,1500,1500,1500,1500,1500,1500,1500,1500,1500.0,1500,1500,706,685,689,704,731,683,715,688,700.125,683,731,5601,68,59,60,72,72,57,70,61
1743970567,1820.125,1826,1811,1867.625,1880,1859,1784.625,1796,1769,1721.875,1726,1715,1784.0,1797,1779,1764.75,1773,1759,1769.375,1780,1760,1807.125,1814,1798,1789.9375,1715,1880,1500,1500,1500,1500,1500,1500,1500,1500,1500.0,1500,1500,714,695,700,714,736,683,689,645,697.0,645,736,5576,68,59,60,72,72,58,70,61
1743970568,1812.375,1818,1802,1858.75,1870,1853,1779.125,1790,1764,1729.25,1734,1725,1809.5,1821,1805,1806.5,1813,1801,1790.625,1800,1781,1810.5,1817,1803,1799.578125,1725,1870,1500,1500,1500,1500,1500,1500,1500,1500,1500.0,1500,1500,729,700,695,687,696,636,672,647,682.75,636,729,5462,68,59,60,72,72,58,71,61
1743970569,1836.25,1842,1827,1873.5,1884,1866,1801.75,1811,1787,1741.0,1744,1737,1805.25,1817,1800,1803.125,1810,1798,1767.5,1778,1756,1793.5,1800,1787,1802.734375,1737,1884,1500,1500,1500,1500,1500,1500,1500,1500,1500.0,1500,1500,679,656,670,682,707,667,698,676,679.375,656,707,5435,69,59,60,72,73,58,71,62
1743970571,1807.25,1815,1797,1855.125,1867,1849,1772.875,1783,1757,1709.5,1716,1704,1773.5,1787,1768,1757.875,1765,1753,1738.25,1750,1724,1775.25,1782,1768,1773.703125,1704,1867,1500,1500,1500,1500,1500,1500,1500,1500,1500.0,1500,1500,727,699,708,717,752,695,725,702,715.625,695,752,5725,69,59,60,72,73,58,71,62
1743970572,1811.25,1817,1801,1853.375,1865,1846,1784.75,1793,1770,1722.625,1728,1718,1783.0,1795,1778,1767.75,1777,1762,1761.375,1773,1749,1793.125,1800,1786,1784.65625,1718,1865,1500,1500,1500,1499,1500,1500,1500,1500,1499.875,1499,1500,718,689,702,710,741,694,732,693,709.875,689,741,5679,69,59,60,72,73,58,71,62
1743970573,1812.25,1819,1802,1861.25,1872,1854,1775.125,1785,1760,1704.5,1709,1700,1785.0,1798,1780,1782.75,1793,1777,1772.75,1782,1762,1815.625,1822,1807,1788.65625,1700,1872,1500,1500,1500,1500,1500,1500,1500,1500,1500.0,1500,1500,729,697,711,706,727,656,665,644,691.875,644,729,5535,69,59,60,72,73,58,71,62
1743970574,1809.625,1817,1799,1858.375,1875,1850,1777.25,1788,1762,1717.25,1724,1713,1806.75,1819,1801,1811.25,1821,1806,1779.5,1790,1768,1812.625,1818,1805,1796.578125,1713,1875,1500,1500,1500,1500,1500,1500,1500,1500,1500.0,1500,1500,728,701,701,682,702,639,662,644,682.375,639,728,5459,69,59,60,72,73,58,71,62
1743970576,1810.25,1816,1800,1851.75,1863,1846,1782.75,1791,1768,1742.75,1747,1736,1785.625,1798,1779,1773.125,1781,1768,1751.875,1763,1740,1782.25,1789,1775,1785.046875,1736,1863,1500,1500,1500,1500,1500,1500,1500,1500,1500.0,1500,1500,709,681,679,710,728,683,717,690,699.625,679,728,5597,69,59,60,72,73,58,71,62
1743970577,1823.25,1829,1814,1873.5,1884,1867,1779.625,1789,1765,1738.125,1743,1733,1778.25,1790,1773,1776.5,1785,1771,1752.875,1763,1741,1788.875,1796,1782,1788.875,1733,1884,1500,1500,1500,1500,1500,1500,1500,1500,1500.0,1500,1500,714,685,680,702,729,684,713,691,699.75,680,729,5598,69,59,60,73,73,58,71,62
1743970578,1822.5,1829,1812,1865.5,1876,1860,1773.125,1782,1759,1734.5,1739,1727,1769.875,1779,1762,1793.75,1804,1788,1750.0,1760,1738,1790.125,1797,1783,1787.421875,1727,1876,1500,1500,1500,1500,1500,1500,1500,1500,1500.0,1500,1500,722,692,684,714,726,698,720,705,707.625,684,726,5661,69,59,60,73,73,58,71,62
1743970579,1813.0,1820,1803,1863.125,1873,1857,1764.0,1774,1745,1729.25,1733,1724,1772.5,1780,1764,1817.0,1826,1811,1787.5,1796,1777,1829.875,1836,1823,1797.03125,1724,1873,1500,1500,1500,1500,1500,1500,1500,1500,1500.0,1500,1500,738,702,690,726,699,661,669,640,690.625,640,738,5525,69,59,60,73,73,58,71,62
1743970581,1806.5,1813,1796,1852.75,1865,1846,1765.375,1774,1753,1747.75,1753,1741,1795.25,1803,1787,1834.875,1842,1829,1793.25,1802,1782,1816.75,1823,1811,1801.5625,1741,1865,1500,1500,1500,1500,1500,1500,1500,1500,1500.0,1500,1500,743,695,678,685,666,645,669,654,679.375,645,743,5435,69,59,60,73,73,58,71,62
1743970582,1806.25,1813,1795,1866.0,1878,1860,1803.5,1811,1790,1769.5,1773,1764,1805.875,1813,1800,1828.625,1838,1824,1771.25,1787,1760,1802.5,1809,1794,1806.6875,1760,1878,1500,1499,1500,1500,1500,1499,1497,1500,1499.375,1497,1500,731,666,641,667,674,657,685,663,673.0,641,731,5384,69,59,60,73,73,58,71,62
1743970583,1843.875,1850,1835,1891.125,1901,1885,1799.625,1807,1787,1761.0,1765,1755,1804.75,1813,1798,1822.625,1833,1818,1775.625,1785,1764,1805.0,1812,1796,1812.953125,1755,1901,1500,1500,1500,1500,1500,1500,1500,1500,1500.0,1500,1500,681,644,646,675,679,657,686,670,667.25,644,686,5338,69,59,60,73,73,58,71,62
1743970584,1815.0,1821,1805,1867.875,1880,1861,1775.0,1785,1761,1730.375,1735,1724,1778.625,1787,1770,1804.75,1813,1801,1749.375,1760,1737,1781.625,1790,1774,1787.828125,1724,1880,1500,1500,1500,1500,1500,1500,1500,1500,1500.0,1500,1500,730,694,687,713,711,698,721,703,707.125,687,730,5657,70,59,60,73,73,58,71,62
1743970586,1811.25,1817,1800,1862.75,1874,1856,1768.0,1778,1752,1726.375,1731,1721,1766.875,1775,1758,1799.75,1809,1795,1759.75,1771,1746,1804.875,1811,1797,1787.453125,1721,1874,1500,1500,1500,1500,1500,1500,1500,1500,1500.0,1500,1500,740,698,691,715,714,703,700,651,701.5,651,740,5612,70,59,60,73,73,58,71,62
1743970587,1808.0,1815,1798,1855.0,1867,1848,1762.125,1771,1748,1719.375,1725,1715,1766.875,1777,1761,1773.625,1782,1769,1758.75,1770,1747,1803.625,1810,1796,1780.921875,1715,1867,1500,1499,1498,1498,1497,1494,1497,1497,1497.5,1494,1500,737,697,694,719,739,670,682,637,696.875,637,739,5575,70,59,60,73,73,58,71,62
1743970588,1839.875,1846,1830,1881.125,1891,1875,1799.625,1808,1786,1753.875,1758,1750,1799.0,1809,1794,1784.375,1793,1779,1768.875,1780,1757,1792.25,1799,1785,1802.375,1750,1891,1500,1500,1500,1500,1500,1500,1500,1500,1500.0,1500,1500,686,645,652,679,709,662,703,673,676.125,645,709,5409,70,59,60,73,73,58,71,62
1743970590,1821.25,1827,1811,1858.375,1869,1852,1789.75,1800,1775,1745.5,1750,1738,1791.75,1803,1786,1805.125,1814,1800,1759.875,1771,1748,1783.5,1794,1776,1794.390625,1738,1869,1500,1500,1500,1500,1500,1500,1500,1500,1500.0,1500,1500,707,677,676,703,730,700,724,700,702.125,676,730,5617,70,59,60,73,73,58,71,61
1743970591,1810.125,1817,1800,1867.375,1879,1861,1786.125,1796,1771,1712.0,1716,1707,1773.375,1785,1768,1762.875,1772,1757,1748.25,1760,1735,1776.125,1784,1767,1779.53125,1707,1879,1500,1500,1500,1500,1500,1500,1500,1500,1500.0,1500,1500,731,691,702,705,739,682,728,673,706.375,673,739,5651,70,59,60,73,73,58,71,61
1743970592,1799.75,1808,1790,1835.125,1846,1828,1775.5,1786,1760,1692.125,1696,1689,1771.125,1782,1766,1760.625,1769,1754,1750.125,1761,1737,1785.0,1793,1777,1771.171875,1689,1846,1496,1487,1494,1495,1500,1500,1495,1494,1495.125,1487,1500,725,695,696,708,739,687,710,662,702.75,662,739,5622,70,59,60,73,73,57,71,61
1743970593,1823.375,1829,1812,1868.625,1880,1863,1788.25,1798,1772,1732.875,1737,1727,1780.25,1791,1774,1773.625,1784,1767,1753.375,1763,1743,1786.125,1793,1778,1788.3125,1727,1880,1500,1500,1500,1500,1500,1500,1500,1500,1500.0,1500,1500,706,680,685,702,724,692,724,682,699.375,680,724,5595,69,58,60,73,73,57,71,61
1743970595,1808.625,1814,1799,1849.875,1861,1844,1787.75,1798,1772,1740.125,1744,1736,1780.125,1791,1775,1765.125,1776,1758,1762.25,1774,1748,1805.625,1812,1798,1787.4375,1736,1861,1500,1500,1500,1500,1500,1500,1500,1500,1500.0,1500,1500,715,687,696,711,738,687,713,659,700.75,659,738,5606,69,58,60,73,73,57,71,61
1743970596,1795.625,1801,1785,1853.25,1865,1846,1760.75,1770,1745,1706.125,1712,1699,1759.625,1771,1755,1759.375,1767,1753,1765.125,1776,1752,1808.5,1816,1800,1776.046875,1699,1865,1500,1500,1500,1500,1500,1500,1500,1500,1500.0,1500,1500,747,706,710,724,758,675,693,648,707.625,648,758,5661,69,58,60,73,73,57,71,61
1743970597,1829.375,1835,1813,1890.125,1900,1884,1809.125,1817,1794,1750.0,1753,1745,1802.25,1813,1797,1788.125,1799,1782,1770.375,1780,1761,1798.75,1806,1791,1804.765625,1745,1900,1500,1500,1500,1500,1500,1500,1500,1500,1500.0,1500,1500,679,642,650,670,693,651,691,667,667.875,642,693,5343,69,58,60,73,73,57,71,61
1743970598,1830.375,1838,1821,1879.375,1890,1873,1797.75,1807,1782,1732.25,1736,1727,1796.0,1807,1790,1779.5,1789,1774,1759.25,1769,1747,1793.25,1799,1786,1795.96875,1727,1890,1500,1500,1500,1500,1500,1500,1500,1500,1500.0,1500,1500,690,666,675,690,717,666,712,680,687.0,666,717,5496,69,58,59,73,73,57,71,61
1743970600,1846.0,1852,1837,1894.875,1906,1887,1812.375,1821,1798,1753.5,1758,1746,1806.75,1817,1801,1791.875,1802,1786,1773.875,1784,1761,1799.125,1804,1794,1809.796875,1746,1906,1500,1500,1500,1500,1500,1500,1500,1500,1500.0,1500,1500,663,641,649,667,698,649,688,664,664.875,641,698,5319,69,58,59,73,73,57,71,61
1743970601,1818.875,1825,1809,1869.875,1881,1864,1785.125,1794,1769,1720.25,1724,1715,1779.5,1791,1774,1770.25,1779,1765,1742.625,1753,1732,1784.5,1791,1777,1783.875,1715,1881,1500,1500,1500,1500,1500,1500,1500,1500,1500.0,1500,1500,707,681,694,704,733,687,719,698,702.875,681,733,5623,69,58,59,73,73,57,71,61
1743970602,1817.5,1824,1808,1872.625,1884,1866,1788.0,1795,1774,1719.875,1725,1713,1783.0,1794,1778,1772.25,1779,1766,1745.875,1757,1735,1779.875,1787,1772,1784.875,1713,1884,1500,1500,1500,1500,1500,1500,1500,1500,1500.0,1500,1500,708,681,693,705,734,678,713,698,701.25,678,734,5610,69,58,59,73,73,57,71,61
1743970603,1820.75,1827,1811,1877.25,1888,1872,1792.375,1802,1777,1720.25,1724,1714,1778.875,1791,1774,1774.625,1784,1768,1767.0,1777,1757,1820.625,1827,1814,1793.96875,1714,1888,1500,1500,1500,1500,1500,1500,1500,1500,1500.0,1500,1500,702,679,690,700,723,665,676,638,684.125,638,723,5473,69,58,60,73,73,57,71,61
1743970605,1805.375,1811,1796,1862.0,1873,1855,1776.75,1787,1761,1697.625,1702,1693,1777.75,1790,1772,1787.375,1797,1782,1780.25,1790,1769,1823.625,1830,1816,1788.84375,1693,1873,1500,1500,1500,1500,1500,1500,1500,1500,1500.0,1500,1500,726,699,707,708,725,647,663,636,688.875,636,726,5511,69,58,60,73,73,57,71,61
1743970606,1801.625,1807,1793,1858.875,1870,1852,1794.125,1804,1779,1733.125,1739,1729,1812.125,1822,1807,1809.25,1815,1804,1779.0,1790,1766,1809.75,1816,1803,1799.734375,1729,1870,1500,1500,1500,1500,1500,1500,1500,1500,1500.0,1500,1500,731,691,682,658,680,633,665,652,674.0,633,731,5392,69,58,60,72,73,57,71,61
1743970607,1802.125,1808,1793,1855.375,1867,1849,1783.75,1794,1768,1727.875,1734,1724,1805.375,1816,1800,1814.125,1824,1809,1807.25,1816,1797,1850.0,1856,1844,1805.734375,1724,1867,1500,1500,1500,1500,1500,1500,1500,1500,1500.0,1500,1500,733,700,680,669,685,619,635,604,665.625,604,733,5325,69,58,60,72,73,57,71,61
1743970608,1804.625,1811,1795,1861.125,1872,1854,1773.75,1785,1758,1700.375,1706,1696,1781.75,1794,1776,1791.75,1801,1786,1785.875,1796,1775,1823.625,1830,1816,1790.359375,1696,1872,1500,1500,1500,1500,1500,1500,1500,1500,1500.0,1500,1500,733,701,710,698,713,644,663,639,687.625,639,733,5501,69,58,60,73,73,57,71,61
1743970610,1755.0,1771,1736,1776.125,1797,1760,1723.5,1742,1702,1710.625,1727,1697,1724.25,1743,1709,1751.0,1765,1740,1719.75,1739,1699,1756.875,1773,1743,1739.640625,1697,1797,1486,1496,1498,1496,1494,1491,1486,1489,1492.0,1486,1498,862,841,844,876,890,859,886,855,864.125,841,890,6913,71,60,61,76,75,60,72,62
1743970611,1743.25,1757,1726,1760.75,1782,1742,1726.625,1745,1705,1698.125,1712,1684,1706.125,1726,1692,1745.125,1761,1734,1706.0,1727,1684,1730.125,1746,1717,1727.015625,1684,1782,1492,1498,1500,1497,1492,1491,1490,1498,1494.75,1490,1500,885,857,856,886,905,860,905,879,879.125,856,905,7033,74,63,63,80,77,62,73,63
1743970612,1731.0,1746,1715,1716.875,1737,1698,1675.5,1696,1652,1667.5,1680,1654,1661.0,1682,1646,1697.625,1712,1685,1680.0,1699,1658,1688.125,1704,1673,1689.703125,1646,1746,1493,1493,1499,1500,1492,1500,1490,1493,1495.0,1490,1500,878,846,830,868,881,840,880,852,859.375,830,881,6875,75,65,64,82,78,63,74,63
1743970614,1720.875,1735,1704,1712.5,1734,1694,1644.625,1664,1623,1661.625,1676,1647,1641.125,1661,1626,1667.625,1682,1655,1680.0,1697,1660,1693.375,1710,1677,1677.71875,1623,1735,1495,1493,1500,1500,1494,1499,1491,1498,1496.25,1491,1500,875,835,821,863,875,826,875,851,852.625,821,875,6821,76,66,64,83,79,64,74,63
1743970615,1725.625,1741,1707,1747.5,1770,1729,1674.125,1695,1650,1665.75,1682,1651,1674.875,1695,1652,1697.375,1711,1684,1672.0,1689,1652,1694.625,1713,1678,1693.984375,1650,1770,1492,1498,1500,1500,1492,1498,1491,1499,1496.25,1491,1500,885,854,851,885,884,855,895,848,869.625,848,895,6957,77,66,65,84,80,64,75,63
1743970616,1719.375,1735,1702,1741.125,1762,1724,1697.875,1719,1674,1663.75,1677,1651,1682.625,1702,1668,1694.25,1710,1680,1673.25,1692,1653,1700.5,1718,1686,1696.59375,1651,1762,1494,1498,1496,1500,1494,1495,1496,1499,1496.5,1494,1500,888,860,850,884,895,850,891,850,871.0,850,895,6968,77,67,65,85,80,65,75,63
1743970617,1719.75,1736,1702,1721.875,1743,1706,1686.125,1706,1663,1643.375,1658,1629,1661.5,1680,1647,1694.875,1711,1683,1670.0,1687,1649,1687.5,1704,1673,1685.625,1629,1743,1492,1496,1494,1493,1494,1497,1491,1497,1494.25,1491,1497,885,844,844,878,892,850,889,855,867.125,844,892,6937,78,67,66,85,81,65,75,64
1743970619,1721.25,1739,1704,1721.5,1742,1703,1678.75,1699,1654,1631.625,1646,1618,1647.625,1668,1631,1707.25,1722,1696,1667.125,1686,1647,1687.75,1703,1672,1682.859375,1618,1742,1493,1498,1498,1498,1490,1494,1498,1500,1496.125,1490,1500,883,850,833,863,879,852,883,841,860.5,833,883,6884,78,68,66,85,81,65,75,64
1743970620,1719.25,1735,1701,1727.125,1747,1711,1677.25,1698,1653,1662.625,1678,1646,1686.625,1715,1671,1721.375,1736,1708,1678.25,1698,1657,1719.25,1739,1702,1698.96875,1646,1747,1496,1497,1496,1493,1494,1491,1488,1493,1493.5,1488,1497,878,847,842,875,894,860,889,860,868.125,842,894,6945,78,68,66,85,81,65,76,64
1743970621,1729.25,1747,1710,1738.875,1759,1723,1702.625,1720,1679,1672.125,1687,1657,1687.875,1707,1673,1725.375,1739,1710,1697.75,1716,1679,1716.25,1734,1701,1708.765625,1657,1759,1480,1494,1500,1500,1493,1492,1492,1496,1493.375,1480,1500,885,858,858,883,909,867,901,865,878.25,858,909,7026,79,68,66,86,82,66,76,64
1743970622,1751.375,1769,1733,1785.625,1806,1769,1754.5,1772,1732,1697.125,1711,1685,1729.375,1749,1714,1766.625,1781,1752,1718.0,1736,1697,1754.375,1772,1740,1744.625,1685,1806,1482,1498,1499,1488,1489,1490,1490,1492,1491.0,1482,1499,894,870,873,912,913,878,914,875,891.125,870,914,7129,79,68,66,86,82,66,76,64
1743970624,1725.375,1743,1707,1728.375,1747,1712,1712.25,1732,1689,1661.875,1677,1647,1672.25,1692,1657,1711.125,1724,1696,1692.125,1711,1670,1695.875,1713,1681,1699.90625,1647,1747,1491,1495,1500,1500,1492,1500,1498,1500,1497.0,1491,1500,891,860,866,881,908,864,903,855,878.5,855,908,7028,79,69,67,86,82,66,76,64
1743970625,1728.5,1747,1709,1752.75,1772,1736,1728.25,1747,1705,1672.0,1686,1658,1692.5,1713,1678,1736.75,1750,1721,1689.625,1707,1668,1715.875,1733,1701,1714.53125,1658,1772,1486,1482,1497,1498,1486,1497,1491,1494,1491.375,1482,1498,893,863,870,898,917,866,914,871,886.5,863,917,7092,79,69,67,86,82,66,76,64
1743970626,1722.75,1740,1705,1711.75,1731,1696,1702.75,1723,1679,1650.625,1666,1636,1651.0,1670,1637,1687.25,1701,1672,1678.75,1697,1656,1676.75,1694,1661,1685.203125,1636,1740,1497,1495,1497,1500,1495,1499,1494,1500,1497.125,1494,1500,887,852,859,874,904,849,894,850,871.125,849,904,6969,79,69,67,86,82,66,76,64
1743970627,1725.375,1742,1706,1720.625,1740,1706,1697.75,1718,1675,1649.375,1663,1633,1664.0,1683,1650,1694.625,1708,1680,1686.5,1705,1665,1682.5,1701,1668,1690.09375,1633,1742,1493,1495,1497,1500,1498,1499,1496,1500,1497.25,1493,1500,884,857,864,877,911,861,898,856,876.0,856,911,7008,79,69,67,86,82,65,76,64
1743970629,1721.875,1739,1703,1724.125,1744,1708,1701.0,1721,1677,1663.5,1678,1649,1667.5,1687,1654,1696.5,1710,1683,1681.625,1699,1660,1671.5,1693,1658,1690.953125,1649,1744,1495,1498,1500,1500,1499,1500,1491,1500,1497.875,1491,1500,884,854,865,886,909,856,906,850,876.25,850,909,7010,79,69,66,86,82,65,76,64
1743970630,1712.0,1730,1690,1733.125,1753,1716,1714.75,1732,1692,1668.625,1685,1654,1696.0,1716,1682,1724.25,1739,1708,1680.5,1699,1658,1707.25,1731,1691,1704.5625,1654,1753,1491,1493,1500,1499,1498,1494,1491,1499,1495.625,1491,1500,890,857,872,890,911,867,900,858,880.625,857,911,7045,79,69,66,86,82,65,76,63
1743970631,1720.0,1732,1705,1751.0,1770,1734,1716.875,1736,1693,1677.5,1692,1662,1697.875,1718,1683,1734.625,1750,1719,1685.375,1703,1663,1723.625,1743,1707,1713.359375,1662,1770,1489,1489,1500,1496,1495,1500,1488,1496,1494.125,1488,1500,885,859,871,897,917,875,908,865,884.625,859,917,7077,79,69,66,86,82,65,76,63
1743970632,1753.5,1774,1736,1783.75,1803,1767,1735.0,1753,1712,1713.625,1728,1699,1721.625,1741,1708,1753.75,1769,1738,1716.25,1736,1685,1756.875,1774,1743,1741.796875,1685,1803,1485,1497,1495,1489,1491,1492,1488,1493,1491.25,1485,1497,897,868,873,910,918,876,918,872,891.5,868,918,7132,79,70,66,86,82,65,76,63
1743970634,1723.5,1742,1707,1739.5,1759,1724,1704.125,1723,1681,1667.625,1682,1653,1689.375,1709,1676,1716.0,1730,1702,1675.875,1694,1654,1711.625,1729,1697,1703.453125,1653,1759,1490,1491,1500,1500,1494,1498,1491,1498,1495.25,1490,1500,888,849,858,897,912,872,898,859,879.125,849,912,7033,79,69,66,86,82,65,76,63
1743970635,1711.625,1729,1694,1707.625,1727,1691,1691.125,1712,1668,1668.375,1685,1650,1667.5,1688,1654,1686.0,1700,1673,1673.875,1693,1652,1668.75,1685,1656,1684.359375,1650,1729,1496,1497,1500,1496,1499,1496,1499,1500,1497.875,1496,1500,877,841,865,879,902,857,884,843,868.5,841,902,6948,78,69,66,86,82,65,75,63
1743970636,1737.125,1755,1719,1736.5,1758,1719,1709.125,1729,1686,1683.375,1698,1666,1689.125,1708,1677,1715.625,1731,1702,1697.75,1716,1678,1700.125,1717,1685,1708.59375,1666,1758,1493,1491,1500,1499,1496,1495,1490,1498,1495.25,1490,1500,886,858,869,898,911,880,902,863,883.375,858,911,7067,78,69,66,86,82,65,75,63
1743970638,1712.0,1731,1696,1730.625,1749,1715,1691.5,1712,1668,1658.5,1683,1642,1686.25,1705,1673,1706.375,1720,1693,1668.375,1687,1647,1707.125,1725,1693,1695.09375,1642,1749,1489,1494,1499,1500,1497,1498,1498,1495,1496.25,1489,1500,884,848,861,887,909,857,890,861,874.625,848,909,6997,78,69,66,86,82,65,75,63
1743970639,1725.25,1744,1707,1723.0,1743,1706,1696.125,1716,1673,1661.25,1678,1647,1671.5,1690,1659,1701.0,1716,1688,1670.125,1689,1650,1701.625,1718,1686,1693.734375,1647,1744,1491,1498,1500,1500,1491,1492,1491,1496,1494.875,1491,1500,887,854,866,880,914,861,886,867,876.875,854,914,7015,78,69,65,85,81,64,75,63
1743970640,1709.0,1727,1692,1726.0,1748,1708,1707.75,1727,1685,1657.875,1675,1643,1697.875,1718,1684,1716.375,1732,1702,1663.0,1680,1641,1714.125,1732,1700,1699.0,1641,1748,1490,1495,1499,1498,1489,1499,1492,1498,1495.0,1489,1499,875,851,862,882,900,857,897,865,873.625,851,900,6989,78,68,65,85,81,64,74,62
1743970641,1743.75,1762,1727,1767.75,1785,1753,1746.375,1766,1724,1700.125,1714,1685,1718.75,1739,1705,1760.125,1776,1746,1712.375,1730,1690,1744.125,1761,1731,1736.671875,1685,1785,1480,1497,1494,1494,1495,1489,1491,1491,1491.375,1480,1497,888,858,868,897,912,868,901,873,883.125,858,912,7065,77,68,65,84,80,64,74,62
1743970643,1742.25,1761,1724,1745.375,1763,1731,1707.0,1727,1683,1686.625,1700,1671,1702.875,1722,1690,1738.0,1753,1724,1709.875,1729,1685,1725.25,1742,1712,1719.65625,1671,1763,1494,1490,1498,1498,1494,1491,1485,1489,1492.375,1485,1498,894,859,854,887,909,877,893,859,879.0,854,909,7032,77,68,64,84,80,64,74,62
1743970644,1708.625,1727,1692,1718.125,1737,1703,1672.25,1692,1650,1644.625,1660,1630,1672.375,1691,1659,1700.5,1716,1688,1678.375,1697,1658,1673.25,1690,1659,1683.515625,1630,1737,1496,1496,1500,1498,1500,1499,1496,1500,1498.125,1496,1500,870,848,839,864,899,857,886,850,864.125,839,899,6913,77,68,64,84,80,63,73,62
1743970645,1708.0,1726,1692,1723.375,1744,1708,1667.25,1688,1643,1649.625,1663,1636,1664.75,1684,1652,1689.0,1704,1675,1661.0,1679,1640,1702.125,1719,1688,1683.140625,1636,1744,1490,1499,1500,1499,1497,1500,1496,1500,1497.625,1490,1500,869,845,827,869,878,835,871,858,856.5,827,878,6852,76,68,63,83,79,63,73,61
1743970646,1714.5,1733,1698,1712.375,1733,1697,1658.75,1682,1632,1655.75,1670,1640,1658.75,1677,1645,1689.0,1703,1676,1667.875,1690,1646,1682.125,1700,1668,1679.890625,1632,1733,1497,1495,1500,1499,1498,1499,1494,1498,1497.5,1494,1500,884,839,822,873,877,833,878,841,855.875,822,884,6847,76,67,63,83,79,62,72,61
1743970648,1735.0,1753,1718,1739.75,1761,1724,1681.0,1703,1660,1678.0,1692,1663,1697.5,1717,1684,1706.5,1724,1693,1699.125,1718,1677,1717.625,1736,1704,1706.8125,1660,1761,1491,1494,1500,1493,1489,1499,1496,1499,1495.125,1489,1500,882,856,841,892,897,855,903,870,874.5,841,903,6996,76,68,63,83,78,62,72,61
1743970649,1725.0,1743,1708,1726.625,1747,1711,1673.125,1692,1652,1667.0,1681,1652,1678.875,1701,1657,1687.75,1701,1674,1666.125,1684,1644,1702.0,1720,1688,1690.8125,1644,1747,1494,1495,1499,1499,1495,1491,1491,1492,1494.5,1491,1499,873,838,837,873,872,846,881,851,858.875,837,881,6871,76,67,63,82,78,62,72,61
1743970650,1761.0,1779,1743,1770.875,1790,1755,1737.25,1756,1716,1725.625,1740,1712,1724.25,1743,1711,1748.75,1766,1734,1734.0,1751,1713,1749.5,1767,1734,1743.90625,1711,1790,1484,1494,1500,1495,1493,1497,1491,1494,1493.5,1484,1500,884,850,871,894,898,874,901,871,880.375,850,901,7043,75,67,62,82,78,62,72,61
1743970651,1755.375,1773,1739,1776.125,1796,1760,1743.5,1764,1719,1707.0,1721,1692,1726.75,1745,1711,1758.125,1772,1743,1722.5,1740,1702,1750.625,1767,1736,1742.5,1692,1796,1491,1496,1500,1493,1494,1490,1487,1492,1492.875,1487,1500,887,863,874,897,904,874,900,872,883.875,863,904,7071,75,67,63,82,77,62,71,60
1743970653,1733.125,1751,1717,1745.375,1764,1729,1706.375,1727,1685,1676.375,1691,1663,1697.25,1714,1684,1738.125,1753,1723,1698.5,1715,1677,1707.125,1724,1693,1712.78125,1663,1764,1494,1490,1500,1499,1496,1499,1495,1494,1495.875,1490,1500,887,858,843,880,897,861,895,852,871.625,843,897,6973,75,68,62,82,77,62,71,60
1743970654,1732.5,1751,1717,1724.5,1744,1708,1678.75,1697,1657,1670.0,1685,1654,1682.25,1702,1669,1697.0,1711,1683,1692.125,1709,1671,1685.125,1702,1671,1695.28125,1654,1751,1483,1497,1496,1500,1494,1493,1481,1489,1491.625,1481,1500,873,851,838,860,895,856,880,843,862.0,838,895,6896,75,68,62,81,77,62,71,60
1743970655,1711.75,1730,1695,1721.5,1741,1707,1669.75,1693,1648,1649.75,1663,1633,1689.125,1709,1676,1686.625,1700,1674,1682.75,1700,1660,1673.5,1691,1658,1685.59375,1633,1741,1492,1499,1497,1498,1493,1500,1499,1499,1497.125,1492,1500,880,837,838,862,893,847,884,827,858.5,827,893,6868,74,67,62,81,77,61,71,60
1743970657,1730.375,1748,1713,1745.375,1763,1730,1702.0,1724,1679,1677.25,1690,1660,1710.0,1730,1697,1721.125,1736,1708,1695.625,1713,1673,1711.75,1728,1696,1711.6875,1660,1763,1488,1494,1500,1495,1490,1497,1495,1500,1494.875,1488,1500,886,853,856,883,903,875,897,860,876.625,853,903,7013,74,67,62,81,77,61,71,60
1743970658,1731.875,1751,1716,1748.0,1767,1731,1726.625,1745,1705,1684.875,1699,1673,1710.125,1730,1697,1735.0,1749,1720,1706.875,1725,1683,1723.875,1739,1709,1720.90625,1673,1767,1493,1495,1500,1496,1488,1493,1488,1499,1494.0,1488,1500,888,871,871,888,910,864,897,860,881.125,860,910,7049,74,68,62,81,77,62,71,60
1743970659,1729.375,1748,1713,1720.375,1739,1705,1712.625,1734,1689,1682.0,1697,1665,1695.375,1714,1683,1711.5,1727,1696,1710.5,1728,1687,1703.5,1719,1690,1708.15625,1665,1748,1491,1495,1498,1496,1493,1493,1497,1492,1494.375,1491,1498,879,848,861,867,891,863,893,868,871.25,848,893,6970,74,67,62,81,77,61,70,60
1743970660,1760.5,1780,1745,1761.375,1780,1746,1744.375,1765,1722,1723.625,1736,1706,1716.625,1736,1704,1752.375,1767,1734,1729.125,1746,1705,1740.0,1756,1726,1741.0,1704,1780,1493,1498,1495,1496,1495,1496,1486,1499,1494.75,1486,1499,887,866,866,895,906,876,892,873,882.625,866,906,7061,74,68,62,81,76,61,70,60
1743970662,1755.0,1774,1739,1772.5,1792,1756,1752.75,1772,1730,1716.625,1733,1699,1720.75,1739,1708,1745.375,1759,1731,1717.75,1735,1694,1727.375,1744,1712,1738.515625,1694,1792,1484,1496,1495,1490,1491,1492,1492,1494,1491.75,1484,1496,882,873,872,889,915,871,905,865,884.0,865,915,7072,74,68,62,81,76,61,70,60
1743970663,1719.875,1739,1707,1734.875,1755,1718,1710.5,1729,1688,1669.75,1684,1654,1694.625,1715,1683,1705.875,1720,1690,1682.75,1700,1660,1682.75,1699,1667,1700.125,1654,1755,1495,1492,1500,1497,1493,1498,1498,1498,1496.375,1492,1500,886,859,864,880,900,862,899,848,874.75,848,900,6998,74,68,62,81,76,61,70,60
1743970664,1736.625,1757,1716,1735.125,1754,1720,1691.625,1712,1669,1683.125,1697,1665,1694.875,1714,1683,1702.5,1716,1689,1706.125,1725,1682,1705.0,1720,1693,1706.875,1665,1757,1493,1489,1498,1498,1483,1494,1495,1497,1493.375,1483,1498,865,852,866,882,891,855,887,858,869.5,852,891,6956,73,68,62,81,76,61,70,60
1743970665,1735.875,1753,1720,1749.625,1769,1734,1727.25,1747,1705,1700.625,1716,1683,1708.625,1729,1696,1734.75,1748,1721,1711.125,1729,1688,1715.625,1733,1700,1722.9375,1683,1769,1490,1495,1500,1499,1491,1497,1495,1494,1495.125,1490,1500,885,867,854,900,907,871,900,863,880.875,854,907,7047,73,68,62,81,76,61,70,60
1743970667,1724.5,1744,1708,1736.375,1756,1717,1705.0,1723,1683,1684.75,1698,1669,1710.625,1731,1699,1709.75,1724,1696,1696.125,1715,1667,1711.875,1729,1697,1709.875,1667,1756,1495,1499,1499,1499,1494,1497,1494,1498,1496.875,1494,1499,882,854,858,889,907,862,897,856,875.625,854,907,7005,73,68,62,81,76,61,70,60
1743970668,1722.75,1742,1708,1733.875,1754,1715,1721.625,1742,1699,1691.125,1705,1676,1710.25,1730,1698,1733.625,1747,1720,1704.0,1723,1679,1729.125,1745,1717,1718.296875,1676,1754,1493,1500,1498,1492,1486,1497,1490,1493,1493.625,1486,1500,868,842,871,882,892,862,886,867,871.25,842,892,6970,73,68,62,81,76,61,70,60
1743970669,1711.75,1729,1697,1730.875,1750,1716,1714.25,1733,1693,1676.0,1689,1661,1710.5,1731,1698,1717.125,1732,1701,1674.5,1692,1652,1684.5,1703,1670,1702.4375,1652,1750,1491,1500,1498,1500,1493,1499,1495,1498,1496.75,1491,1500,872,849,862,877,897,859,880,839,866.875,839,897,6935,73,68,62,81,76,61,70,60
1743970670,1736.625,1757,1723,1750.5,1770,1734,1724.5,1743,1703,1695.5,1713,1679,1712.625,1733,1700,1730.625,1746,1715,1694.0,1712,1673,1731.125,1748,1717,1721.9375,1673,1770,1491,1497,1499,1497,1496,1498,1497,1496,1496.375,1491,1499,887,866,867,891,903,875,893,864,880.75,864,903,7046,73,68,62,81,76,61,70,60
1743970672,1739.875,1759,1724,1722.0,1743,1705,1708.875,1730,1686,1685.75,1701,1670,1690.875,1710,1679,1713.375,1728,1699,1690.125,1709,1667,1702.0,1719,1688,1706.609375,1667,1759,1495,1499,1498,1494,1496,1498,1497,1499,1497.0,1494,1499,882,851,862,871,899,868,878,859,871.25,851,899,6970,73,68,62,81,76,61,70,60
1743970673,1726.0,1745,1710,1726.0,1745,1710,1696.5,1716,1673,1667.125,1683,1652,1696.875,1716,1685,1699.125,1713,1685,1683.75,1702,1662,1710.875,1727,1697,1700.78125,1652,1745,1485,1499,1500,1500,1488,1500,1497,1494,1495.375,1485,1500,872,850,849,860,890,853,881,856,863.875,849,890,6911,73,68,62,80,76,62,70,60
1743970674,1742.25,1761,1726,1744.125,1763,1729,1726.875,1747,1704,1698.0,1712,1682,1704.625,1725,1693,1743.375,1758,1728,1710.625,1729,1688,1721.0,1737,1707,1723.859375,1682,1763,1488,1499,1500,1500,1485,1499,1497,1491,1494.875,1485,1500,882,866,872,891,907,871,904,875,883.5,866,907,7068,73,68,63,80,76,62,70,60
1743970675,1728.5,1747,1712,1747.0,1768,1732,1718.25,1739,1695,1670.625,1684,1654,1703.625,1724,1692,1724.625,1739,1711,1696.375,1716,1675,1716.25,1733,1702,1713.15625,1654,1768,1483,1498,1498,1500,1490,1494,1488,1497,1493.5,1483,1500,881,863,861,874,906,879,893,867,878.0,861,906,7024,73,68,63,81,76,62,70,60
1743970677,1730.625,1749,1715,1746.5,1767,1731,1686.375,1708,1665,1672.125,1683,1657,1704.875,1724,1693,1728.75,1744,1714,1688.875,1707,1667,1720.375,1737,1707,1709.8125,1657,1767,1486,1492,1500,1499,1493,1500,1490,1496,1494.5,1486,1500,879,854,845,861,890,855,879,855,864.75,845,890,6918,73,68,62,80,76,62,70,60
1743970678,1735.125,1754,1718,1731.875,1752,1716,1690.125,1710,1667,1700.875,1715,1685,1698.875,1718,1687,1705.125,1718,1691,1700.125,1719,1677,1716.0,1732,1703,1709.765625,1667,1754,1486,1495,1496,1497,1494,1495,1495,1496,1494.25,1486,1497,870,842,842,874,891,853,886,861,864.875,842,891,6919,73,68,62,80,76,61,70,60
1743970679,1759.375,1779,1738,1766.0,1786,1750,1744.75,1766,1722,1728.875,1741,1713,1715.875,1735,1704,1755.25,1771,1740,1735.625,1755,1713,1739.375,1755,1724,1743.140625,1704,1786,1486,1493,1499,1495,1498,1494,1490,1492,1493.375,1486,1499,888,863,862,895,904,874,898,877,882.625,862,904,7061,73,68,62,80,76,61,70,60
1743970681,1729.625,1749,1714,1715.125,1733,1699,1659.0,1679,1637,1675.125,1690,1658,1673.5,1694,1661,1675.625,1690,1661,1692.75,1710,1671,1710.125,1725,1694,1691.359375,1637,1749,1496,1496,1500,1499,1497,1496,1494,1500,1497.25,1494,1500,877,849,834,871,878,838,875,858,860.0,834,878,6880,73,68,62,81,76,61,70,60
1743970682,1737.625,1754,1721,1729.125,1748,1714,1689.375,1708,1667,1691.375,1705,1675,1684.875,1706,1673,1702.5,1716,1688,1704.5,1722,1685,1703.125,1719,1688,1705.3125,1667,1754,1496,1487,1500,1500,1497,1497,1491,1496,1495.5,1487,1500,881,856,849,879,887,852,887,861,869.0,849,887,6952,73,68,62,80,76,61,70,60
1743970683,1732.5,1750,1717,1731.5,1751,1716,1703.875,1723,1682,1679.75,1692,1664,1687.875,1707,1675,1710.125,1726,1696,1698.125,1714,1676,1695.125,1711,1681,1704.859375,1664,1751,1489,1493,1496,1499,1491,1496,1494,1487,1493.125,1487,1499,877,852,848,877,888,848,893,853,867.0,848,893,6936,73,68,62,80,76,61,70,60
1743970684,1744.25,1761,1728,1760.25,1780,1744,1721.5,1741,1699,1702.75,1716,1687,1721.5,1744,1707,1730.375,1745,1714,1711.625,1729,1691,1743.75,1760,1730,1729.5,1687,1780,1484,1493,1500,1499,1489,1492,1492,1493,1492.75,1484,1500,883,864,868,893,896,871,900,870,880.625,864,900,7045,74,68,62,81,76,62,70,60
1743970686,1728.75,1746,1713,1745.0,1764,1729,1706.75,1729,1683,1663.5,1676,1650,1683.375,1703,1665,1729.875,1745,1714,1688.625,1705,1669,1697.25,1714,1682,1705.390625,1650,1764,1491,1497,1499,1498,1488,1491,1497,1495,1494.5,1488,1499,880,861,852,870,880,866,892,858,869.875,852,892,6959,74,68,62,81,76,62,70,60
1743970687,1737.25,1755,1721,1744.5,1763,1728,1706.875,1726,1683,1680.25,1693,1663,1711.625,1740,1699,1742.125,1756,1726,1699.75,1717,1681,1709.375,1726,1695,1716.46875,1663,1763,1488,1499,1500,1496,1492,1498,1494,1497,1495.5,1488,1500,880,860,850,873,894,863,892,849,870.125,849,894,6961,74,69,62,81,76,62,70,60
1743970688,1742.875,1760,1726,1756.75,1776,1740,1731.625,1755,1709,1695.5,1708,1680,1711.25,1730,1699,1747.0,1764,1731,1715.0,1730,1694,1743.375,1759,1729,1730.421875,1680,1776,1491,1493,1500,1497,1484,1494,1493,1498,1493.75,1484,1500,877,853,860,870,904,870,898,870,875.25,853,904,7002,74,69,62,81,76,62,70,60
1743970689,1740.25,1758,1725,1733.25,1751,1717,1707.75,1727,1685,1690.375,1705,1676,1698.125,1718,1686,1729.625,1745,1713,1717.0,1734,1695,1704.125,1722,1691,1715.0625,1676,1758,1495,1499,1500,1498,1492,1499,1495,1496,1496.75,1492,1500,888,865,849,883,894,874,903,861,877.125,849,903,7017,74,69,63,81,76,62,70,60
1743970691,1717.875,1735,1701,1734.375,1753,1717,1701.875,1719,1680,1659.75,1673,1642,1698.625,1719,1686,1692.75,1706,1680,1684.125,1700,1664,1688.375,1706,1672,1697.21875,1642,1753,1494,1495,1500,1500,1494,1496,1497,1498,1496.75,1494,1500,885,852,859,867,899,859,889,848,869.75,848,899,6958,74,69,63,81,76,62,70,60
1743970692,1740.5,1758,1724,1754.875,1773,1737,1735.625,1756,1712,1695.5,1709,1680,1715.875,1736,1703,1743.0,1758,1727,1717.625,1734,1696,1726.5,1743,1711,1728.6875,1680,1773,1491,1497,1500,1500,1491,1495,1490,1498,1495.25,1490,1500,886,864,876,893,903,872,903,868,883.125,864,903,7065,74,69,63,81,77,62,70,60
1743970693,1729.25,1747,1714,1711.5,1730,1694,1705.875,1726,1683,1678.125,1691,1662,1682.75,1702,1670,1697.375,1711,1682,1700.375,1719,1677,1680.75,1699,1667,1698.25,1662,1747,1496,1497,1500,1499,1491,1500,1493,1492,1496.0,1491,1500,877,848,864,872,898,855,894,853,870.125,848,898,6961,74,69,63,81,76,62,70,60
1743970694,1722.75,1740,1706,1735.5,1754,1718,1699.5,1717,1678,1664.375,1677,1647,1694.875,1715,1682,1680.875,1695,1665,1689.25,1708,1667,1699.75,1717,1686,1698.359375,1647,1754,1492,1498,1500,1499,1487,1496,1496,1494,1495.25,1487,1500,881,851,855,871,897,856,893,852,869.5,851,897,6956,74,69,63,81,77,62,70,60
1743970696,1729.125,1747,1712,1722.375,1740,1706,1706.5,1728,1683,1689.625,1702,1674,1689.75,1709,1677,1702.375,1716,1688,1699.25,1717,1677,1701.75,1721,1689,1705.09375,1674,1747,1496,1498,1500,1497,1495,1498,1495,1493,1496.5,1493,1500,879,858,865,888,897,854,892,850,872.875,850,897,6983,74,69,63,81,77,62,70,60
1743970697,1734.375,1753,1713,1760.625,1779,1743,1739.125,1759,1716,1708.625,1724,1690,1721.625,1742,1709,1745.375,1761,1731,1721.5,1739,1701,1742.75,1759,1729,1734.25,1690,1779,1486,1494,1499,1493,1498,1492,1495,1499,1494.5,1486,1499,889,861,863,893,903,874,902,870,881.875,861,903,7055,74,69,63,81,77,62,70,60
1743970698,1740.125,1753,1724,1755.25,1774,1738,1737.375,1757,1714,1701.625,1714,1686,1716.625,1736,1704,1744.625,1760,1726,1709.0,1727,1688,1727.75,1744,1712,1729.046875,1686,1774,1489,1494,1498,1498,1497,1496,1495,1499,1495.75,1489,1499,886,864,869,889,912,878,909,876,885.375,864,912,7083,74,69,63,81,77,62,71,61
1743970700,1750.5,1770,1736,1753.5,1771,1737,1722.0,1742,1698,1710.75,1723,1696,1709.375,1729,1697,1722.875,1738,1710,1716.5,1735,1696,1711.75,1727,1700,1724.65625,1696,1771,1488,1499,1499,1498,1492,1493,1495,1494,1494.75,1488,1499,890,873,876,900,906,876,902,869,886.5,869,906,7092,74,69,63,81,77,62,71,61
1743970701,1704.5,1720,1687,1699.125,1717,1684,1713.125,1734,1690,1673.5,1690,1655,1677.875,1698,1666,1714.0,1728,1700,1688.75,1707,1663,1674.75,1691,1659,1693.203125,1655,1734,1493,1496,1497,1500,1499,1500,1500,1499,1498.0,1493,1500,871,835,849,869,888,852,881,846,861.375,835,888,6891,74,69,63,81,77,62,70,60
1743970702,1746.375,1765,1730,1755.0,1774,1735,1711.375,1731,1688,1699.375,1712,1684,1717.0,1737,1704,1722.875,1737,1709,1687.75,1706,1665,1710.125,1727,1691,1718.734375,1665,1774,1491,1498,1498,1499,1495,1497,1491,1498,1495.875,1491,1499,887,867,868,889,905,875,894,852,879.625,852,905,7037,74,69,63,81,77,62,70,60
1743970703,1744.625,1762,1728,1737.25,1755,1722,1723.0,1743,1699,1705.75,1719,1689,1702.25,1721,1689,1732.875,1747,1718,1705.25,1724,1681,1700.5,1716,1685,1718.9375,1681,1762,1491,1499,1499,1498,1489,1494,1493,1498,1495.125,1489,1499,881,860,869,888,898,877,895,863,878.875,860,898,7031,74,69,63,81,77,62,71,60
1743970705,1726.75,1745,1710,1732.25,1749,1717,1699.0,1717,1676,1663.875,1675,1649,1697.25,1717,1684,1701.125,1716,1684,1678.75,1698,1657,1711.375,1727,1697,1701.296875,1649,1749,1489,1496,1500,1498,1499,1498,1495,1499,1496.75,1489,1500,878,853,862,879,898,866,878,859,871.625,853,898,6973,74,69,63,81,77,62,70,61
1743970706,1724.625,1743,1708,1720.625,1741,1702,1699.875,1719,1677,1674.5,1689,1659,1706.125,1726,1693,1700.75,1715,1686,1690.0,1710,1669,1718.375,1734,1704,1704.359375,1659,1743,1495,1496,1497,1499,1494,1497,1493,1495,1495.75,1493,1499,874,849,859,876,898,866,881,861,870.5,849,898,6964,74,69,63,81,77,62,70,61
1743970707,1744.875,1763,1727,1737.375,1756,1721,1710.75,1730,1688,1695.75,1708,1679,1698.375,1719,1685,1726.125,1740,1712,1703.125,1721,1680,1712.875,1729,1698,1716.15625,1679,1763,1492,1494,1499,1500,1488,1494,1495,1497,1494.875,1488,1500,882,856,866,875,899,875,885,867,875.625,856,899,7005,74,68,63,81,77,62,70,60
1743970708,1732.5,1751,1715,1718.625,1733,1701,1693.5,1713,1670,1663.875,1678,1648,1698.875,1719,1687,1691.875,1706,1676,1680.375,1698,1658,1709.5,1724,1694,1698.640625,1648,1751,1497,1488,1499,1499,1500,1500,1494,1498,1496.875,1488,1500,874,851,854,864,888,853,881,849,864.25,849,888,6914,74,68,63,81,77,62,70,60
1743970710,1769.625,1788,1753,1769.5,1789,1753,1736.5,1757,1712,1725.375,1740,1709,1730.25,1750,1717,1758.625,1773,1743,1734.875,1755,1713,1752.75,1769,1737,1747.1875,1709,1789,1491,1491,1500,1490,1490,1493,1491,1494,1492.5,1490,1500,885,869,873,894,904,878,901,870,884.25,869,904,7074,74,68,63,81,77,62,70,61
1743970711,1748.875,1768,1732,1747.0,1764,1732,1700.25,1720,1676,1698.125,1713,1683,1706.625,1727,1694,1731.25,1746,1717,1701.125,1718,1677,1721.125,1737,1706,1719.296875,1676,1768,1486,1495,1499,1493,1491,1490,1492,1496,1492.75,1486,1499,874,857,851,879,893,871,896,865,873.25,851,896,6986,74,69,63,81,77,62,70,61
1743970712,1733.25,1752,1718,1747.25,1766,1730,1693.625,1713,1670,1686.0,1699,1670,1706.375,1726,1692,1723.0,1739,1707,1702.875,1720,1680,1732.5,1748,1718,1715.609375,1670,1766,1487,1492,1500,1499,1487,1495,1491,1497,1493.5,1487,1500,885,864,852,889,901,863,898,874,878.25,852,901,7026,74,69,63,81,77,62,70,61
1743970713,1736.0,1754,1720,1741.125,1761,1726,1676.75,1696,1654,1678.0,1692,1662,1698.375,1717,1685,1706.5,1722,1692,1690.5,1707,1668,1717.875,1736,1704,1705.640625,1654,1761,1493,1493,1500,1499,1496,1498,1487,1492,1494.75,1487,1500,882,859,844,883,887,858,894,864,871.375,844,894,6971,74,69,63,81,77,62,71,61
1743970715,1725.75,1744,1710,1730.625,1751,1715,1691.875,1710,1670,1675.0,1688,1658,1684.0,1703,1671,1705.125,1720,1689,1686.25,1704,1663,1702.75,1718,1688,1700.171875,1658,1751,1496,1499,1500,1497,1487,1495,1490,1490,1494.25,1487,1500,875,849,849,879,896,853,894,857,869.0,849,896,6952,74,69,62,81,77,62,70,60
1743970716,1769.25,1788,1753,1774.0,1795,1759,1751.25,1771,1728,1731.625,1744,1716,1723.75,1744,1711,1762.0,1780,1745,1735.625,1755,1712,1754.125,1770,1739,1750.203125,1711,1795,1496,1490,1494,1498,1485,1490,1490,1496,1492.375,1485,1498,894,866,870,900,904,871,901,874,885.0,866,904,7080,74,68,62,81,76,62,70,60
1743970717,1734.5,1752,1719,1760.875,1781,1745,1720.625,1742,1696,1690.375,1705,1675,1715.25,1735,1704,1734.0,1748,1720,1703.375,1721,1679,1731.5,1747,1716,1723.8125,1675,1781,1491,1493,1500,1497,1490,1490,1489,1497,1493.375,1489,1500,887,862,866,888,900,871,898,864,879.5,862,900,7036,74,69,63,81,77,62,70,60
1743970719,1736.25,1754,1721,1713.125,1733,1698,1681.5,1701,1659,1673.625,1688,1657,1665.75,1685,1651,1709.25,1724,1693,1694.625,1713,1671,1687.25,1704,1672,1695.171875,1651,1754,1492,1499,1500,1500,1492,1498,1495,1494,1496.25,1492,1500,877,837,852,865,882,869,878,856,864.5,837,882,6916,74,69,62,81,76,62,70,60
1743970720,1739.125,1758,1724,1755.375,1775,1740,1713.875,1734,1690,1691.0,1704,1675,1702.375,1718,1691,1741.125,1759,1724,1710.5,1729,1688,1718.875,1735,1704,1721.53125,1675,1775,1487,1496,1500,1489,1488,1496,1492,1494,1492.75,1487,1500,882,861,845,878,903,862,889,863,872.875,845,903,6983,74,68,63,81,76,62,70,60
1743970721,1721.125,1739,1705,1722.75,1743,1708,1672.625,1692,1651,1664.375,1678,1647,1694.125,1713,1681,1690.75,1707,1676,1680.75,1699,1658,1681.25,1699,1666,1690.96875,1647,1743,1482,1498,1500,1499,1492,1495,1495,1499,1495.0,1482,1500,876,847,844,867,890,847,880,838,861.125,838,890,6889,74,68,62,81,76,62,70,60
1743970722,1726.875,1744,1711,1745.125,1765,1732,1683.875,1705,1661,1672.25,1687,1655,1704.0,1724,1691,1716.0,1730,1703,1696.5,1714,1675,1712.75,1729,1698,1707.171875,1655,1765,1488,1497,1500,1498,1492,1498,1497,1495,1495.625,1488,1500,884,858,856,879,902,869,902,865,876.875,856,902,7015,74,69,63,81,77,62,70,60
1743970724,1722.25,1738,1703,1723.5,1743,1707,1716.875,1745,1694,1677.625,1693,1665,1689.625,1710,1674,1722.125,1737,1711,1693.125,1710,1678,1691.875,1708,1679,1704.625,1665,1745,1486,1494,1500,1497,1496,1499,1493,1493,1494.75,1486,1500,883,845,853,876,893,852,885,849,867.0,845,893,6936,74,68,62,81,76,62,70,60
1743970725,1778.375,1794,1759,1761.875,1781,1747,1748.0,1768,1727,1732.375,1746,1718,1724.375,1745,1709,1760.875,1775,1750,1740.0,1757,1722,1746.875,1765,1733,1749.09375,1709,1794,1492,1488,1491,1474,1481,1490,1487,1490,1486.625,1474,1492,854,823,832,850,867,837,864,845,846.5,823,867,6772,74,68,63,81,76,62,70,60
1743970726,1759.125,1774,1740,1783.25,1802,1768,1754.375,1774,1733,1719.25,1735,1706,1738.875,1760,1721,1763.5,1779,1752,1716.75,1735,1698,1755.125,1771,1742,1748.78125,1698,1802,1486,1491,1496,1493,1493,1492,1491,1499,1492.625,1486,1499,890,860,873,897,906,876,910,875,885.875,860,910,7087,74,69,63,81,77,62,70,60
1743970727,1725.75,1741,1708,1740.25,1760,1724,1718.5,1737,1697,1675.5,1690,1664,1704.125,1726,1687,1725.875,1743,1707,1693.375,1712,1674,1725.375,1741,1712,1713.59375,1664,1760,1488,1493,1500,1496,1493,1496,1479,1497,1492.75,1479,1500,876,860,869,880,906,866,899,861,877.125,860,906,7017,74,69,63,81,77,62,70,61
1743970729,1726.5,1742,1707,1742.625,1763,1728,1705.25,1725,1683,1679.75,1694,1665,1695.5,1716,1679,1700.75,1719,1688,1694.0,1713,1675,1695.0,1713,1682,1704.921875,1665,1763,1489,1500,1498,1498,1495,1494,1489,1498,1495.125,1489,1500,881,859,859,882,898,861,900,848,873.5,848,900,6988,74,69,63,81,77,62,70,60
1743970730,1729.125,1745,1706,1741.0,1761,1725,1696.25,1717,1674,1684.75,1698,1670,1700.125,1721,1686,1704.625,1721,1691,1689.625,1708,1670,1693.0,1710,1679,1704.8125,1670,1761,1487,1496,1500,1500,1496,1498,1489,1499,1495.625,1487,1500,883,860,864,888,900,864,903,845,875.875,845,903,7007,74,69,63,81,77,62,70,60
1743970731,1745.125,1760,1726,1738.75,1759,1721,1732.75,1754,1710,1707.375,1723,1690,1700.5,1721,1687,1737.375,1752,1726,1719.125,1738,1699,1723.625,1741,1711,1725.578125,1687,1760,1492,1494,1500,1490,1496,1495,1490,1499,1494.5,1490,1500,882,861,871,887,902,875,901,869,881.0,861,902,7048,74,69,63,81,77,62,70,60
1743970733,1692.875,1708,1674,1712.5,1732,1698,1704.0,1724,1682,1660.0,1676,1644,1686.25,1708,1672,1683.125,1704,1669,1679.375,1696,1661,1673.875,1692,1660,1686.5,1644,1732,1495,1496,1499,1500,1500,1496,1496,1496,1497.25,1495,1500,860,847,854,866,891,844,882,853,862.125,844,891,6897,74,69,63,81,77,62,70,60
1743970734,1748.25,1766,1730,1758.625,1779,1741,1724.5,1744,1703,1713.0,1726,1698,1726.125,1747,1712,1733.875,1748,1723,1715.25,1734,1696,1746.5,1763,1734,1733.265625,1696,1779,1480,1498,1498,1495,1488,1491,1482,1495,1490.875,1480,1498,877,855,868,898,900,867,897,872,879.25,855,900,7034,74,69,63,81,77,62,70,60
1743970735,1732.375,1750,1713,1745.375,1765,1731,1732.0,1752,1710,1691.875,1706,1677,1708.75,1730,1695,1737.0,1753,1726,1704.75,1723,1684,1704.625,1724,1684,1719.59375,1677,1765,1493,1497,1500,1497,1496,1498,1491,1499,1496.375,1491,1500,882,867,861,891,905,866,891,863,878.25,861,905,7026,74,69,63,81,77,62,70,60
1743970736,1741.25,1759,1722,1748.125,1769,1732,1709.125,1727,1688,1697.0,1710,1682,1709.125,1730,1696,1718.5,1735,1708,1703.0,1721,1684,1705.0,1722,1690,1716.390625,1682,1769,1496,1498,1500,1499,1496,1494,1494,1496,1496.625,1494,1500,884,861,866,891,905,869,890,857,877.875,857,905,7023,74,69,63,81,77,62,70,60
1743970738,1733.375,1750,1714,1739.75,1758,1725,1724.375,1745,1701,1690.125,1704,1674,1698.875,1720,1685,1734.75,1749,1722,1690.125,1711,1669,1709.75,1727,1696,1715.140625,1669,1758,1493,1497,1500,1498,1491,1499,1492,1498,1496.0,1491,1500,882,864,868,896,906,872,893,865,880.75,864,906,7046,74,69,63,81,77,62,70,60
1743970739,1736.75,1754,1718,1759.25,1779,1743,1726.25,1745,1704,1685.5,1700,1669,1714.75,1737,1700,1742.5,1757,1730,1702.625,1721,1684,1737.25,1754,1724,1725.609375,1669,1779,1486,1492,1500,1500,1495,1497,1484,1486,1492.5,1484,1500,885,863,871,888,900,872,895,872,880.75,863,900,7046,74,69,63,81,77,62,70,60
1743970740,1729.75,1748,1710,1725.5,1748,1709,1697.75,1718,1676,1668.125,1684,1652,1691.0,1713,1678,1704.125,1720,1693,1679.25,1697,1659,1707.0,1723,1692,1700.3125,1652,1748,1498,1498,1500,1497,1492,1496,1494,1496,1496.375,1492,1500,873,852,856,871,902,857,878,863,869.0,852,902,6952,74,69,63,81,77,62,70,60
1743970741,1728.25,1745,1709,1740.25,1753,1726,1726.375,1744,1705,1690.875,1706,1676,1696.25,1718,1683,1734.75,1749,1723,1692.0,1709,1672,1712.375,1729,1699,1715.140625,1672,1753,1495,1499,1500,1491,1490,1495,1496,1500,1495.75,1490,1500,882,858,864,875,901,860,885,862,873.375,858,901,6987,74,69,63,81,77,62,70,60
1743970743,1750.5,1769,1732,1757.375,1778,1742,1727.5,1748,1705,1708.375,1723,1691,1717.25,1739,1702,1751.875,1768,1739,1711.5,1731,1691,1737.25,1754,1724,1732.703125,1691,1778,1495,1495,1499,1496,1495,1499,1486,1495,1495.0,1486,1499,883,862,862,888,901,873,896,872,879.625,862,901,7037,74,68,63,81,76,62,70,60
1743970744,1747.25,1765,1727,1735.25,1754,1719,1695.25,1715,1672,1693.125,1706,1676,1693.125,1715,1680,1725.375,1741,1713,1712.375,1732,1693,1710.625,1727,1697,1714.046875,1672,1765,1488,1491,1500,1499,1493,1496,1494,1497,1494.75,1488,1500,883,862,849,881,902,871,889,863,875.0,849,902,7000,74,68,62,81,76,62,70,60
1743970745,1733.0,1750,1714,1728.75,1748,1713,1674.875,1695,1653,1682.375,1697,1666,1679.0,1700,1664,1693.25,1709,1682,1695.0,1712,1674,1709.125,1725,1695,1699.421875,1653,1750,1492,1499,1500,1500,1491,1497,1492,1500,1496.375,1491,1500,874,853,839,868,886,849,886,857,864.0,839,886,6912,74,68,62,80,76,62,70,60
1743970747,1733.125,1750,1714,1737.0,1757,1722,1684.25,1706,1662,1679.0,1692,1662,1695.125,1716,1683,1721.875,1735,1710,1693.75,1715,1673,1709.0,1726,1697,1706.640625,1662,1757,1488,1493,1500,1496,1490,1494,1494,1487,1492.75,1487,1500,876,857,832,877,884,854,892,859,866.375,832,892,6931,73,68,62,80,76,61,70,60
1743970748,1736.25,1754,1718,1733.625,1753,1718,1688.0,1707,1666,1685.0,1699,1668,1682.125,1705,1670,1704.25,1719,1691,1688.0,1707,1667,1699.375,1716,1686,1702.078125,1666,1754,1488,1489,1499,1499,1499,1499,1499,1500,1496.5,1488,1500,879,849,837,870,875,837,882,850,859.875,837,882,6879,73,68,62,80,76,61,70,60
1743970749,1731.5,1749,1712,1712.125,1732,1696,1666.625,1685,1646,1685.0,1698,1667,1652.375,1675,1630,1669.75,1685,1657,1665.875,1682,1648,1657.5,1675,1643,1680.09375,1630,1749,1492,1493,1499,1499,1497,1500,1498,1499,1497.125,1492,1500,867,842,834,864,859,827,861,831,848.125,827,867,6785,73,68,62,80,76,61,69,60
1743970750,1806.75,1823,1788,1793.375,1812,1779,1762.5,1780,1741,1758.25,1772,1741,1763.5,1783,1752,1787.375,1802,1778,1770.875,1788,1751,1771.5,1786,1758,1776.765625,1741,1823,1498,1491,1499,1497,1498,1500,1499,1499,1497.625,1491,1500,855,822,833,852,851,821,854,821,838.625,821,855,6709,73,68,62,80,75,61,69,60
1743970752,1856.5,1870,1840,1828.875,1842,1810,1792.75,1809,1771,1792.5,1805,1778,1790.875,1807,1778,1814.75,1829,1802,1791.125,1806,1772,1791.0,1803,1780,1807.296875,1771,1870,1489,1494,1500,1497,1500,1500,1500,1496,1497.0,1489,1500,851,816,810,840,841,817,842,810,828.375,810,851,6627,73,67,61,80,75,61,69,60
1743970753,1831.0,1839,1821,1878.75,1890,1873,1788.625,1797,1774,1747.875,1753,1738,1798.375,1806,1792,1816.625,1825,1812,1773.0,1782,1763,1802.375,1809,1795,1804.578125,1738,1890,1500,1500,1500,1500,1500,1500,1500,1500,1500.0,1500,1500,736,693,691,713,718,704,724,699,709.75,691,736,5678,70,63,59,75,71,57,68,59
1743970754,1864.0,1872,1855,1892.875,1904,1885,1816.25,1826,1801,1777.0,1781,1769,1828.5,1839,1824,1816.0,1824,1811,1802.75,1812,1794,1825.125,1832,1818,1827.8125,1769,1904,1500,1500,1500,1500,1500,1500,1500,1500,1500.0,1500,1500,676,646,647,672,694,660,692,678,670.625,646,694,5365,67,59,57,71,69,55,67,59
1743970755,1836.375,1845,1826,1874.0,1886,1868,1795.25,1806,1780,1754.75,1760,1749,1815.875,1827,1810,1800.125,1807,1797,1789.875,1801,1781,1808.0,1815,1800,1809.28125,1749,1886,1500,1500,1500,1500,1500,1500,1500,1500,1500.0,1500,1500,728,693,688,710,727,690,725,700,707.625,688,728,5661,65,57,57,69,68,55,67,58
1743970757,1848.875,1858,1838,1894.625,1906,1888,1800.375,1808,1786,1766.25,1772,1761,1820.5,1831,1816,1807.875,1817,1804,1791.375,1800,1784,1808.875,1819,1801,1817.34375,1761,1906,1500,1500,1500,1500,1500,1500,1500,1500,1500.0,1500,1500,706,675,670,696,710,672,707,679,689.375,670,710,5515,65,57,56,69,68,54,66,58
1743970758,1854.5,1863,1844,1881.25,1893,1877,1819.375,1829,1806,1764.875,1769,1758,1824.0,1833,1820,1808.375,1816,1805,1797.375,1808,1789,1823.25,1830,1817,1821.625,1758,1893,1500,1500,1500,1500,1500,1500,1500,1500,1500.0,1500,1500,683,663,672,683,708,675,710,688,685.25,663,710,5482,64,56,56,68,68,54,66,58
1743970759,1859.5,1867,1849,1893.375,1905,1888,1822.125,1831,1808,1764.5,1768,1757,1827.0,1837,1822,1813.625,1821,1810,1793.375,1803,1785,1814.5,1821,1808,1823.5,1757,1905,1500,1500,1500,1500,1500,1500,1500,1500,1500.0,1500,1500,685,658,667,676,694,661,692,668,675.125,658,694,5401,64,56,56,68,67,54,66,58
1743970761,1844.125,1853,1834,1890.125,1903,1883,1811.625,1822,1797,1746.375,1751,1739,1820.875,1831,1816,1804.625,1813,1800,1786.0,1796,1777,1800.625,1808,1794,1813.046875,1739,1903,1500,1500,1500,1500,1500,1500,1500,1500,1500.0,1500,1500,715,677,691,691,721,680,709,688,696.5,677,721,5572,64,56,56,68,67,54,66,57
1743970762,1855.5,1864,1845,1893.75,1907,1887,1816.5,1826,1802,1767.0,1771,1759,1831.125,1840,1826,1807.5,1816,1803,1796.25,1806,1787,1815.25,1822,1809,1822.859375,1759,1907,1500,1500,1500,1500,1500,1500,1500,1500,1500.0,1500,1500,688,661,669,683,701,664,697,676,679.875,661,701,5439,64,55,56,67,67,53,65,57
1743970763,1844.5,1853,1834,1887.375,1899,1880,1801.0,1811,1787,1747.875,1753,1741,1819.875,1830,1815,1802.5,1809,1799,1804.875,1815,1795,1833.25,1839,1826,1817.65625,1741,1899,1500,1500,1500,1500,1500,1500,1500,1500,1500.0,1500,1500,724,690,694,704,725,670,686,645,692.25,645,725,5538,64,55,56,67,67,53,65,57
1743970764,1849.0,1857,1837,1887.25,1899,1881,1807.5,1818,1793,1758.75,1763,1750,1825.25,1836,1820,1804.0,1814,1800,1801.25,1811,1793,1813.625,1821,1806,1818.328125,1750,1899,1500,1500,1500,1500,1500,1500,1500,1500,1500.0,1500,1500,708,682,690,702,718,684,717,690,698.875,682,718,5591,63,55,55,67,67,53,65,57
1743970766,1858.75,1867,1847,1897.0,1909,1891,1815.375,1825,1801,1760.75,1766,1753,1833.25,1843,1829,1810.875,1818,1807,1802.375,1812,1794,1813.25,1820,1805,1823.953125,1753,1909,1500,1500,1500,1500,1500,1500,1500,1500,1500.0,1500,1500,690,668,678,685,703,668,708,677,684.625,668,708,5477,63,55,55,67,66,53,65,57
1743970767,1851.125,1859,1840,1894.25,1907,1888,1805.875,1815,1791,1755.5,1760,1749,1841.125,1851,1835,1833.5,1843,1829,1828.75,1838,1819,1841.5,1847,1836,1831.453125,1749,1907,1500,1500,1500,1500,1500,1500,1500,1500,1500.0,1500,1500,717,693,699,694,694,633,659,636,678.125,633,717,5425,63,55,55,67,66,53,65,57
1743970768,1856.375,1865,1844,1896.125,1908,1891,1816.875,1826,1803,1761.5,1767,1754,1826.625,1836,1822,1811.5,1821,1807,1794.375,1804,1785,1813.125,1820,1806,1822.0625,1754,1908,1500,1500,1500,1500,1500,1500,1500,1500,1500.0,1500,1500,691,668,674,687,702,672,699,678,683.875,668,702,5471,63,55,55,67,66,53,65,57
1743970769,1848.75,1857,1836,1891.625,1904,1884,1808.875,1818,1795,1750.375,1755,1743,1817.375,1828,1813,1809.625,1819,1805,1806.125,1815,1797,1835.75,1842,1830,1821.0625,1743,1904,1500,1500,1500,1500,1500,1500,1500,1500,1500.0,1500,1500,715,685,693,704,723,672,677,637,688.25,637,723,5506,63,55,55,67,66,53,65,57
1743970771,1854.0,1862,1842,1892.625,1906,1886,1814.375,1824,1800,1759.375,1764,1753,1827.625,1838,1823,1806.75,1813,1803,1788.5,1799,1779,1813.375,1821,1807,1819.578125,1753,1906,1500,1500,1500,1500,1500,1500,1500,1500,1500.0,1500,1500,698,672,683,685,709,674,698,685,688.0,672,709,5504,63,55,55,67,66,53,65,57
1743970772,1867.375,1875,1856,1904.5,1917,1900,1844.125,1852,1830,1789.25,1794,1782,1842.875,1852,1838,1828.0,1834,1825,1815.0,1825,1806,1833.0,1838,1828,1840.515625,1782,1917,1500,1500,1500,1500,1500,1500,1500,1500,1500.0,1500,1500,670,633,647,655,680,652,678,661,659.5,633,680,5276,63,55,56,67,66,53,65,57
1743970773,1853.25,1861,1842,1890.0,1903,1886,1808.75,1817,1795,1750.75,1756,1744,1822.125,1833,1817,1803.75,1812,1799,1783.25,1793,1775,1815.0,1821,1809,1815.859375,1744,1903,1500,1500,1500,1500,1500,1500,1500,1500,1500.0,1500,1500,702,678,687,685,718,676,698,691,691.875,676,718,5535,63,55,56,67,67,54,65,58
1743970775,1846.75,1854,1834,1886.625,1899,1881,1802.0,1811,1787,1738.25,1742,1733,1815.125,1827,1810,1803.75,1814,1800,1800.125,1809,1790,1843.625,1850,1838,1817.03125,1733,1899,1500,1500,1500,1500,1500,1500,1500,1500,1500.0,1500,1500,717,688,704,704,724,669,667,643,689.5,643,724,5516,63,55,56,67,67,54,65,58
1743970776,1874.5,1882,1862,1904.375,1914,1900,1835.75,1845,1823,1790.625,1795,1784,1844.375,1855,1839,1824.0,1832,1820,1804.25,1814,1796,1831.25,1837,1825,1838.640625,1784,1914,1500,1500,1500,1500,1500,1500,1500,1500,1500.0,1500,1500,648,634,640,654,675,646,678,666,655.125,634,678,5241,64,56,56,67,67,54,66,58
1743970777,1842.0,1850,1830,1871.875,1884,1867,1795.25,1806,1781,1765.375,1771,1759,1815.0,1826,1810,1800.625,1810,1796,1793.375,1803,1784,1818.5,1825,1813,1812.75,1759,1884,1500,1500,1500,1500,1500,1500,1500,1500,1500.0,1500,1500,711,683,678,704,725,687,719,706,701.625,678,725,5613,64,56,56,67,67,54,66,58
1743970778,1869.5,1877,1858,1899.5,1911,1894,1817.375,1824,1804,1786.375,1792,1780,1834.625,1846,1830,1813.875,1823,1808,1795.5,1804,1788,1821.0,1827,1815,1829.71875,1780,1911,1500,1500,1500,1500,1500,1499,1500,1500,1499.875,1499,1500,679,652,644,677,691,662,689,672,670.75,644,691,5366,64,56,56,68,67,54,66,58
1743970780,1830.125,1839,1820,1873.75,1887,1867,1807.0,1815,1788,1794.875,1800,1788,1843.5,1852,1837,1855.375,1862,1851,1808.25,1818,1800,1826.5,1832,1820,1829.921875,1788,1887,1500,1500,1500,1500,1500,1500,1500,1500,1500.0,1500,1500,737,691,660,671,667,658,680,666,678.75,658,737,5430,64,56,56,68,68,54,66,58
1743970781,1836.625,1845,1826,1880.375,1892,1874,1787.0,1796,1771,1756.25,1763,1749,1803.625,1812,1796,1825.75,1835,1821,1806.625,1816,1797,1823.625,1830,1818,1814.984375,1749,1892,1500,1500,1500,1500,1500,1500,1500,1500,1500.0,1500,1500,737,697,694,717,722,678,669,669,697.875,669,737,5583,64,56,57,68,68,55,66,59
1743970782,1837.375,1845,1828,1876.75,1889,1870,1797.25,1807,1782,1763.25,1768,1755,1814.125,1824,1808,1822.0,1831,1817,1786.125,1799,1777,1813.0,1819,1807,1813.734375,1755,1889,1500,1500,1500,1500,1500,1500,1500,1500,1500.0,1500,1500,719,695,682,707,710,693,720,673,699.875,673,720,5599,65,56,57,68,68,55,67,59
1743970783,1847.125,1855,1837,1878.5,1890,1873,1800.625,1810,1785,1770.5,1774,1765,1816.625,1826,1808,1825.125,1833,1822,1798.5,1809,1789,1818.625,1825,1812,1819.453125,1765,1890,1500,1500,1500,1500,1500,1500,1500,1500,1500.0,1500,1500,693,662,665,691,691,681,706,687,684.5,662,706,5476,65,57,57,69,68,55,67,59
1743970785,1829.0,1836,1819,1860.125,1873,1854,1787.0,1796,1772,1752.75,1757,1746,1804.75,1814,1798,1831.75,1840,1826,1819.75,1831,1811,1852.875,1859,1847,1817.25,1746,1873,1500,1500,1500,1500,1500,1500,1500,1500,1500.0,1500,1500,732,695,689,716,702,661,670,637,687.75,637,732,5502,65,57,57,69,68,55,67,59
1743970786,1851.75,1859,1842,1877.875,1890,1873,1804.375,1812,1791,1770.625,1776,1765,1810.625,1820,1804,1825.875,1835,1821,1803.75,1813,1794,1821.875,1827,1815,1820.84375,1765,1890,1500,1500,1500,1500,1500,1500,1500,1500,1500.0,1500,1500,683,661,652,686,693,678,706,688,680.875,652,706,5447,66,57,58,69,69,56,67,60
1743970787,1830.125,1838,1819,1870.625,1882,1866,1828.75,1836,1814,1794.5,1799,1789,1828.625,1839,1824,1811.75,1820,1808,1805.125,1815,1796,1822.625,1829,1816,1824.015625,1789,1882,1500,1500,1500,1500,1500,1500,1500,1500,1500.0,1500,1500,703,647,642,666,685,657,686,670,669.5,642,703,5356,66,57,58,69,69,56,68,60
1743970789,1834.5,1842,1825,1875.5,1887,1870,1793.125,1802,1779,1757.875,1762,1751,1808.375,1819,1804,1787.625,1797,1783,1774.75,1786,1765,1792.25,1799,1785,1803.0,1751,1887,1500,1500,1500,1500,1500,1500,1500,1500,1500.0,1500,1500,721,689,681,705,726,691,722,690,703.125,681,726,5625,66,57,58,70,69,56,68,60
1743970790,1819.375,1827,1809,1845.5,1857,1840,1793.875,1801,1779,1771.625,1775,1764,1834.625,1845,1830,1829.0,1836,1825,1830.875,1840,1821,1851.125,1857,1844,1822.0,1764,1857,1500,1500,1500,1500,1500,1500,1500,1500,1500.0,1500,1500,741,699,676,681,683,628,657,642,675.875,628,741,5407,66,57,58,70,70,56,68,60
1743970791,1829.625,1836,1819,1873.0,1884,1865,1793.75,1804,1779,1738.25,1743,1731,1801.75,1813,1797,1782.75,1792,1778,1770.75,1782,1761,1793.5,1800,1786,1797.921875,1731,1884,1500,1500,1500,1500,1500,1500,1500,1500,1500.0,1500,1500,727,688,696,700,733,686,721,698,706.125,686,733,5649,67,58,59,70,70,56,69,60
1743970792,1819.5,1827,1810,1861.0,1873,1855,1793.25,1804,1778,1742.125,1746,1734,1825.875,1837,1821,1823.125,1831,1819,1819.0,1829,1808,1829.25,1836,1822,1814.140625,1734,1873,1500,1500,1500,1500,1500,1500,1500,1500,1500.0,1500,1500,742,702,690,676,690,631,659,643,679.125,631,742,5433,67,58,59,70,70,57,69,61
1743970794,1820.875,1827,1811,1852.5,1864,1846,1793.5,1803,1779,1744.25,1749,1737,1802.25,1813,1797,1786.5,1795,1782,1782.375,1794,1771,1810.875,1818,1803,1799.140625,1737,1864,1500,1500,1500,1500,1500,1499,1500,1499,1499.75,1499,1500,713,681,695,707,732,691,730,713,707.75,681,732,5662,67,58,59,71,71,57,69,61
1743970795,1848.75,1855,1839,1873.0,1883,1866,1811.25,1820,1797,1769.0,1773,1763,1819.125,1829,1814,1807.125,1817,1802,1805.625,1816,1795,1825.75,1832,1819,1819.953125,1763,1883,1500,1500,1500,1500,1500,1500,1500,1500,1500.0,1500,1500,666,640,654,673,691,661,697,681,670.375,640,697,5363,68,58,59,71,71,57,70,61
1743970796,1812.5,1819,1802,1850.0,1861,1844,1785.25,1795,1770,1736.125,1740,1731,1811.875,1822,1806,1805.625,1813,1801,1824.0,1834,1813,1841.75,1848,1835,1808.390625,1731,1861,1500,1500,1500,1500,1500,1500,1500,1500,1500.0,1500,1500,731,702,703,708,712,639,679,659,691.625,639,731,5533,68,58,59,71,71,57,70,61
1743970798,1834.125,1840,1825,1873.0,1883,1867,1801.625,1809,1788,1750.375,1755,1744,1806.125,1816,1801,1793.125,1802,1788,1790.875,1802,1779,1815.625,1822,1809,1808.109375,1744,1883,1500,1500,1500,1500,1500,1500,1500,1500,1500.0,1500,1500,683,666,667,695,706,672,714,692,686.875,666,714,5495,68,59,60,71,71,57,70,61
1743970799,1813.375,1820,1805,1862.125,1872,1857,1791.75,1801,1777,1735.75,1739,1730,1794.0,1805,1788,1773.125,1783,1767,1770.375,1781,1760,1803.375,1811,1795,1792.984375,1730,1872,1500,1500,1499,1499,1500,1499,1500,1500,1499.625,1499,1500,709,690,702,714,737,688,729,707,709.5,688,737,5676,68,59,60,72,72,58,70,61
1743970800,1816.875,1823,1808,1875.5,1885,1871,1829.125,1839,1814,1780.5,1785,1774,1826.625,1837,1821,1809.625,1817,1806,1800.25,1810,1791,1826.125,1833,1819,1820.578125,1774,1885,1500,1500,1500,1500,1500,1500,1500,1500,1500.0,1500,1500,697,655,644,654,679,642,684,662,664.625,642,697,5317,68,59,60,72,72,58,70,62
1743970801,1821.75,1828,1811,1868.0,1878,1862,1794.75,1805,1780,1748.875,1753,1742,1793.75,1805,1788,1781.625,1792,1776,1769.5,1780,1759,1801.375,1808,1794,1797.453125,1742,1878,1500,1500,1500,1500,1500,1500,1500,1500,1500.0,1500,1500,704,687,693,708,731,694,727,705,706.125,687,731,5649,68,59,60,72,72,58,71,62
1743970803,1827.5,1832,1818,1869.0,1880,1862,1809.0,1818,1794,1758.625,1762,1754,1804.875,1816,1799,1794.375,1802,1789,1793.625,1805,1781,1822.625,1830,1815,1809.953125,1754,1880,1500,1500,1500,1500,1500,1500,1500,1500,1500.0,1500,1500,680,655,668,681,718,673,707,691,684.125,655,718,5473,69,59,60,72,72,58,71,62
1743970804,1814.75,1821,1806,1854.125,1865,1848,1785.0,1794,1770,1731.75,1736,1726,1781.75,1794,1776,1775.25,1785,1770,1774.125,1785,1763,1800.375,1807,1793,1789.640625,1726,1865,1500,1499,1499,1500,1497,1499,1499,1499,1499.0,1497,1500,708,689,698,713,734,692,732,718,710.5,689,734,5684,69,59,60,72,73,58,71,62
1743970805,1806.125,1812,1796,1849.125,1859,1843,1769.125,1779,1754,1709.5,1715,1705,1796.875,1809,1791,1806.625,1817,1802,1798.875,1808,1789,1833.625,1839,1827,1796.234375,1705,1859,1500,1500,1500,1500,1500,1500,1500,1500,1500.0,1500,1500,742,710,722,705,716,652,664,644,694.375,644,742,5555,69,59,60,73,73,58,71,62
1743970806,1861.5,1866,1853,1889.75,1899,1884,1831.5,1840,1816,1778.875,1783,1774,1824.0,1834,1819,1813.75,1822,1809,1806.375,1818,1795,1833.625,1840,1826,1829.921875,1774,1899,1500,1500,1500,1500,1500,1500,1500,1500,1500.0,1500,1500,642,615,631,649,679,637,678,656,648.375,615,679,5187,69,59,61,73,73,58,71,62
1743970808,1829.875,1835,1820,1866.5,1876,1860,1794.75,1804,1779,1744.625,1748,1740,1791.75,1802,1787,1787.0,1797,1782,1770.5,1782,1759,1799.125,1806,1791,1798.015625,1740,1876,1500,1500,1500,1500,1500,1500,1500,1500,1500.0,1500,1500,696,675,678,703,724,685,714,699,696.75,675,724,5574,69,59,61,73,73,58,72,62
1743970809,1804.875,1811,1795,1863.875,1875,1857,1796.125,1806,1782,1752.875,1758,1749,1796.75,1808,1789,1798.625,1808,1794,1757.625,1767,1747,1795.875,1802,1789,1795.828125,1747,1875,1499,1499,1498,1499,1497,1494,1498,1496,1497.5,1494,1499,727,674,663,668,693,648,683,663,677.375,648,727,5419,69,59,61,73,74,58,72,62
1743970810,1812.875,1818,1804,1856.375,1866,1850,1783.375,1794,1770,1744.25,1749,1738,1788.0,1800,1782,1782.75,1791,1778,1773.5,1785,1761,1804.75,1812,1797,1793.234375,1738,1866,1500,1500,1500,1500,1500,1500,1500,1500,1500.0,1500,1500,708,681,678,709,732,687,728,708,703.875,678,732,5631,70,60,61,73,74,58,72,62
1743970812,1830.5,1836,1822,1869.75,1880,1864,1796.5,1806,1782,1759.375,1763,1754,1802.875,1813,1798,1792.25,1801,1787,1771.5,1781,1761,1809.125,1816,1800,1803.984375,1754,1880,1500,1500,1500,1500,1500,1500,1500,1500,1500.0,1500,1500,688,653,654,689,707,664,702,686,680.375,653,707,5443,70,60,61,73,74,58,72,62
1743970813,1813.0,1818,1803,1852.875,1862,1846,1783.125,1792,1769,1742.625,1747,1737,1789.75,1799,1781,1813.25,1823,1809,1771.625,1784,1760,1806.25,1813,1799,1796.5625,1737,1862,1500,1500,1500,1500,1500,1500,1500,1500,1500.0,1500,1500,714,678,683,714,715,704,728,717,706.625,678,728,5653,70,59,61,73,74,58,72,62
1743970814,1818.125,1824,1808,1864.625,1875,1858,1764.5,1774,1749,1729.75,1734,1723,1774.875,1784,1763,1800.5,1812,1795,1750.75,1760,1740,1807.0,1814,1801,1788.765625,1723,1875,1498,1498,1493,1495,1496,1495,1497,1496,1496.0,1493,1498,720,694,683,717,722,690,699,672,699.625,672,722,5597,70,59,61,74,74,58,72,62
1743970815,1796.0,1802,1786,1858.75,1870,1852,1796.0,1804,1782,1771.75,1777,1766,1820.125,1828,1811,1843.25,1853,1839,1798.0,1807,1789,1825.625,1831,1819,1813.6875,1766,1870,1500,1500,1500,1500,1500,1500,1500,1500,1500.0,1500,1500,753,687,661,668,663,639,669,655,674.375,639,753,5395,70,59,60,74,74,58,72,62
1743970817,1823.625,1830,1814,1870.875,1881,1865,1786.75,1796,1772,1742.75,1748,1737,1789.25,1799,1779,1818.25,1828,1806,1752.25,1763,1740,1799.375,1807,1792,1797.890625,1737,1881,1500,1500,1500,1500,1500,1500,1500,1500,1500.0,1500,1500,718,685,678,711,711,700,716,705,703.0,678,718,5624,70,59,60,74,74,58,72,62
1743970818,1813.25,1819,1803,1857.5,1868,1851,1821.75,1829,1809,1793.125,1797,1786,1821.75,1829,1816,1843.375,1853,1840,1813.875,1822,1804,1837.0,1843,1830,1825.203125,1786,1868,1500,1500,1500,1500,1500,1500,1500,1500,1500.0,1500,1500,719,657,636,656,662,646,674,664,664.25,636,719,5314,70,59,60,74,74,58,72,62
1743970819,1798.125,1804,1787,1857.25,1868,1851,1777.375,1788,1763,1727.25,1732,1722,1769.875,1778,1761,1803.25,1813,1798,1723.25,1733,1712,1768.625,1778,1757,1778.125,1712,1868,1494,1497,1495,1496,1493,1500,1495,1487,1494.625,1487,1500,720,686,682,718,718,709,737,711,710.125,682,737,5681,70,59,60,74,74,58,72,62
1743970820,1806.375,1812,1797,1841.75,1853,1835,1782.75,1792,1766,1735.75,1740,1730,1775.75,1790,1767,1796.25,1805,1792,1765.25,1777,1754,1810.125,1817,1802,1789.25,1730,1853,1500,1500,1500,1500,1500,1500,1500,1500,1500.0,1500,1500,734,699,695,727,731,714,739,700,717.375,695,739,5739,70,59,60,74,74,58,72,62
1743970822,1808.625,1815,1798,1870.0,1881,1864,1806.375,1813,1793,1767.0,1770,1762,1810.25,1821,1805,1808.25,1816,1803,1772.0,1783,1761,1811.375,1818,1805,1806.734375,1761,1881,1500,1500,1500,1500,1500,1500,1500,1500,1500.0,1500,1500,729,669,646,664,690,651,687,663,674.875,646,729,5399,70,59,60,74,74,58,72,62
1743970823,1819.375,1825,1810,1862.125,1873,1856,1789.0,1797,1775,1741.625,1747,1737,1789.625,1801,1784,1786.0,1794,1781,1762.875,1774,1751,1803.625,1810,1795,1794.28125,1737,1873,1500,1500,1500,1500,1500,1500,1500,1500,1500.0,1500,1500,706,670,672,702,722,680,714,691,694.625,670,722,5557,70,59,60,74,74,58,72,62
1743970824,1814.5,1821,1804,1861.25,1872,1854,1788.75,1799,1773,1721.5,1728,1717,1780.25,1791,1775,1783.625,1793,1777,1755.625,1766,1744,1792.875,1800,1785,1787.296875,1717,1872,1500,1499,1500,1500,1500,1500,1500,1500,1499.875,1499,1500,717,677,692,705,729,683,723,695,702.625,677,729,5621,70,59,60,74,74,58,72,62
1743970826,1800.0,1806,1790,1854.5,1866,1848,1796.0,1807,1780,1739.375,1743,1733,1813.5,1824,1808,1809.25,1820,1803,1790.75,1800,1781,1813.875,1821,1806,1802.15625,1733,1866,1500,1500,1500,1500,1500,1500,1500,1500,1500.0,1500,1500,747,704,685,677,686,639,681,656,684.375,639,747,5475,70,59,60,74,74,58,72,62
1743970827,1827.5,1833,1818,1878.625,1889,1873,1802.0,1812,1786,1734.75,1740,1730,1787.25,1798,1782,1783.875,1792,1778,1766.25,1777,1754,1795.25,1802,1788,1796.9375,1730,1889,1500,1500,1500,1500,1500,1500,1500,1500,1500.0,1500,1500,703,663,675,687,719,670,714,686,689.625,663,719,5517,70,59,60,74,74,58,72,62
1743970828,1809.375,1816,1799,1865.125,1876,1859,1784.875,1795,1770,1720.625,1727,1711,1777.875,1789,1773,1770.375,1781,1764,1751.625,1761,1740,1785.125,1793,1777,1783.125,1711,1876,1500,1500,1500,1500,1500,1500,1500,1500,1500.0,1500,1500,731,690,699,711,738,689,727,710,711.875,689,738,5695,70,59,60,74,74,58,72,62
1743970829,1820.5,1826,1810,1867.125,1877,1861,1792.0,1801,1776,1739.0,1744,1732,1781.625,1792,1775,1775.75,1786,1769,1758.75,1769,1746,1797.5,1805,1789,1791.53125,1732,1877,1500,1500,1500,1500,1500,1500,1500,1500,1500.0,1500,1500,713,683,684,708,736,684,726,678,701.5,678,736,5612,70,59,60,74,74,58,72,62
1743970831,1790.0,1797,1780,1849.625,1861,1842,1772.625,1785,1756,1722.75,1726,1719,1796.125,1806,1791,1806.375,1815,1802,1777.375,1787,1768,1809.875,1822,1801,1790.59375,1719,1861,1500,1500,1500,1500,1500,1500,1500,1500,1500.0,1500,1500,756,723,703,698,713,643,681,655,696.5,643,756,5572,70,59,60,74,74,58,72,62
1743970832,1804.625,1810,1795,1870.5,1881,1863,1807.25,1817,1792,1762.625,1765,1759,1828.875,1839,1823,1836.375,1843,1831,1824.0,1832,1816,1851.5,1857,1845,1823.21875,1759,1881,1500,1500,1500,1500,1500,1500,1500,1500,1500.0,1500,1500,728,683,662,658,663,598,625,611,653.5,598,728,5228,70,59,60,73,74,58,72,62
1743970833,1825.125,1830,1814,1874.5,1885,1868,1793.625,1801,1779,1730.5,1736,1724,1784.75,1796,1780,1782.0,1790,1777,1755.0,1766,1744,1791.75,1799,1784,1792.15625,1724,1885,1500,1500,1500,1500,1500,1500,1500,1500,1500.0,1500,1500,700,677,684,699,723,679,717,690,696.125,677,723,5569,70,59,60,73,74,58,72,62
1743970834,1810.875,1817,1802,1860.25,1871,1854,1777.625,1788,1762,1747.375,1751,1743,1816.5,1826,1812,1808.375,1817,1804,1761.375,1770,1751,1805.125,1811,1799,1798.4375,1743,1871,1500,1500,1500,1500,1500,1500,1500,1500,1500.0,1500,1500,731,706,701,667,687,649,688,676,688.125,649,731,5505,70,59,60,73,74,58,72,62
1743970836,1823.25,1829,1814,1875.625,1887,1868,1787.875,1797,1773,1728.125,1733,1721,1787.0,1799,1782,1786.625,1796,1781,1757.25,1767,1746,1798.875,1806,1793,1793.078125,1721,1887,1500,1500,1500,1500,1500,1500,1500,1500,1500.0,1500,1500,703,681,679,703,723,683,716,696,698.0,679,723,5584,70,59,60,73,74,58,72,62
1743970837,1816.375,1822,1807,1874.5,1886,1867,1779.375,1790,1764,1720.875,1725,1715,1776.75,1789,1772,1771.375,1781,1765,1747.375,1758,1737,1785.0,1792,1778,1783.953125,1715,1886,1500,1500,1500,1500,1500,1500,1500,1500,1500.0,1500,1500,714,691,692,709,738,694,730,699,708.375,691,738,5667,70,59,60,73,74,58,72,62
1743970838,1804.625,1810,1794,1860.5,1871,1854,1772.5,1784,1756,1728.125,1740,1724,1801.125,1813,1795,1810.375,1820,1805,1784.625,1793,1775,1822.75,1828,1816,1798.078125,1724,1871,1500,1500,1500,1500,1500,1500,1500,1500,1500.0,1500,1500,736,701,700,685,699,631,666,651,683.625,631,736,5469,70,59,60,73,74,58,72,62
1743970840,1836.625,1842,1827,1892.0,1901,1887,1813.25,1822,1799,1747.875,1753,1743,1803.375,1814,1798,1798.25,1807,1793,1768.5,1778,1757,1808.375,1814,1801,1808.53125,1743,1901,1500,1500,1500,1500,1500,1500,1500,1500,1500.0,1500,1500,675,642,653,668,698,653,690,667,668.25,642,698,5346,70,59,60,73,74,58,72,62
1743970841,1816.125,1822,1807,1870.625,1881,1865,1786.75,1797,1772,1719.0,1724,1714,1776.75,1789,1771,1777.375,1785,1772,1744.75,1756,1733,1783.0,1791,1775,1784.296875,1714,1881,1500,1500,1500,1500,1500,1500,1500,1500,1500.0,1500,1500,715,686,700,706,733,694,721,704,707.375,686,733,5659,70,59,60,73,74,58,72,61
1743970842,1813.125,1819,1802,1869.875,1882,1864,1780.125,1790,1765,1715.375,1721,1710,1773.125,1786,1767,1772.625,1782,1767,1739.75,1750,1728,1787.375,1795,1780,1781.421875,1710,1882,1500,1500,1500,1500,1500,1500,1500,1500,1500.0,1500,1500,722,696,707,715,743,697,722,688,711.25,688,743,5690,70,59,60,73,74,57,72,61
1743970843,1814.25,1820,1803,1873.0,1885,1867,1775.125,1784,1760,1734.75,1739,1728,1771.625,1784,1767,1770.5,1780,1765,1738.125,1749,1727,1798.625,1806,1791,1784.5,1727,1885,1500,1500,1500,1500,1500,1500,1500,1500,1500.0,1500,1500,730,702,695,724,743,698,724,681,712.125,681,743,5697,69,59,60,73,74,57,72,61
1743970845,1816.875,1823,1806,1872.5,1885,1865,1773.0,1782,1760,1736.0,1744,1729,1772.125,1784,1767,1771.875,1782,1766,1737.125,1747,1726,1796.0,1803,1789,1784.4375,1726,1885,1500,1500,1500,1500,1500,1500,1500,1500,1500.0,1500,1500,723,696,688,721,749,697,723,684,710.125,684,749,5681,69,58,60,73,74,57,72,61
1743970846,1820.875,1827,1811,1871.0,1882,1865,1780.25,1789,1767,1739.875,1744,1733,1780.125,1789,1772,1810.625,1819,1806,1747.0,1759,1736,1784.875,1791,1775,1791.828125,1733,1882,1500,1500,1500,1500,1500,1500,1500,1500,1500.0,1500,1500,722,691,683,715,715,704,729,708,708.375,683,729,5667,69,58,59,73,74,57,72,61
1743970847,1812.875,1820,1803,1864.75,1876,1859,1775.125,1784,1761,1731.625,1735,1726,1779.5,1788,1771,1824.0,1833,1819,1779.5,1787,1769,1831.875,1838,1824,1799.90625,1726,1876,1500,1500,1500,1500,1500,1500,1500,1500,1500.0,1500,1500,736,696,688,719,707,666,674,644,691.25,644,736,5530,69,58,59,73,74,57,72,61
1743970848,1846.75,1852,1838,1892.375,1900,1886,1806.625,1815,1793,1765.875,1770,1759,1805.125,1813,1798,1827.0,1836,1823,1771.5,1781,1760,1799.625,1806,1792,1814.359375,1759,1900,1500,1500,1500,1500,1500,1500,1500,1500,1500.0,1500,1500,680,647,644,678,686,664,696,672,670.875,644,696,5367,70,58,59,73,74,57,72,61
1743970850,1850.0,1864,1832,1882.0,1899,1869,1840.25,1855,1821,1806.625,1814,1797,1822.25,1837,1810,1836.625,1849,1827,1800.125,1816,1781,1821.625,1833,1811,1832.4375,1781,1899,1498,1499,1498,1499,1498,1499,1499,1499,1498.625,1498,1499,771,746,762,801,808,776,822,795,785.125,746,822,6281,70,58,59,73,73,58,72,61
1743970851,1738.5,1755,1719,1746.0,1767,1727,1699.625,1722,1675,1666.25,1682,1652,1704.875,1724,1688,1718.625,1731,1705,1683.625,1702,1666,1723.625,1741,1710,1710.140625,1652,1767,1484,1494,1500,1500,1497,1489,1491,1494,1493.625,1484,1500,888,847,855,873,896,866,890,857,871.5,847,896,6972,73,63,63,79,76,62,73,62
1743970852,1721.375,1737,1702,1733.75,1755,1715,1707.625,1726,1686,1657.5,1673,1643,1661.25,1683,1644,1717.25,1734,1704,1679.75,1698,1663,1691.875,1709,1677,1696.296875,1643,1755,1489,1498,1496,1500,1497,1498,1491,1497,1495.75,1489,1500,889,858,856,878,886,863,894,855,872.375,855,894,6979,76,65,64,82,79,64,74,63
1743970853,1739.875,1756,1721,1749.0,1770,1729,1683.125,1703,1661,1676.375,1691,1661,1695.625,1716,1678,1722.75,1740,1710,1686.0,1704,1667,1709.0,1726,1695,1707.71875,1661,1770,1489,1496,1500,1499,1489,1493,1486,1498,1493.75,1486,1500,894,855,846,885,905,871,898,855,876.125,846,905,7009,76,66,64,83,79,64,74,63
1743970855,1728.5,1745,1710,1735.125,1756,1718,1681.875,1701,1660,1660.75,1674,1646,1686.75,1707,1669,1716.625,1731,1704,1666.625,1687,1643,1716.625,1735,1701,1699.109375,1643,1756,1484,1499,1500,1499,1494,1500,1492,1498,1495.75,1484,1500,882,857,849,874,909,868,887,849,871.875,849,909,6975,76,66,64,83,79,64,74,63
1743970856,1725.625,1742,1707,1699.375,1721,1683,1692.125,1711,1670,1665.5,1679,1650,1675.375,1695,1659,1706.875,1721,1694,1693.75,1714,1670,1692.875,1710,1679,1693.9375,1650,1742,1492,1493,1500,1499,1489,1499,1490,1498,1495.0,1489,1500,884,837,844,874,910,858,896,850,869.125,837,910,6953,77,67,65,84,80,65,75,63
1743970857,1752.0,1767,1733,1766.875,1788,1750,1747.875,1766,1725,1707.0,1720,1694,1703.375,1723,1687,1759.5,1773,1747,1723.375,1741,1701,1741.625,1757,1728,1737.703125,1687,1788,1492,1496,1496,1494,1486,1494,1492,1490,1492.5,1486,1496,888,866,869,902,908,872,910,869,885.5,866,910,7084,78,68,65,85,81,65,75,63
1743970859,1732.875,1750,1713,1758.125,1780,1739,1724.75,1745,1702,1681.25,1694,1667,1710.0,1729,1694,1728.375,1744,1716,1695.5,1715,1672,1727.625,1743,1714,1719.8125,1667,1780,1491,1496,1499,1499,1495,1494,1497,1499,1496.25,1491,1499,899,863,873,897,911,876,907,874,887.5,863,911,7100,78,68,66,85,81,65,76,63
1743970860,1746.5,1764,1726,1759.25,1779,1743,1730.625,1751,1707,1695.125,1708,1680,1698.125,1719,1683,1732.5,1747,1719,1703.25,1723,1679,1732.625,1749,1719,1724.75,1679,1779,1491,1494,1496,1490,1489,1496,1490,1497,1492.875,1489,1497,891,864,876,893,912,878,911,873,887.25,864,912,7098,78,69,66,85,81,65,76,64
1743970861,1733.875,1751,1716,1758.375,1779,1742,1733.875,1753,1711,1679.625,1694,1665,1692.5,1712,1677,1736.25,1751,1723,1692.0,1711,1667,1718.125,1735,1704,1718.078125,1665,1779,1485,1493,1500,1497,1490,1496,1492,1494,1493.375,1485,1500,891,862,867,893,911,868,907,873,884.0,862,911,7072,79,69,66,86,82,66,76,64
1743970862,1720.875,1737,1703,1743.0,1764,1727,1705.625,1726,1682,1662.75,1675,1650,1692.75,1713,1678,1697.625,1715,1685,1684.25,1703,1659,1700.75,1716,1686,1700.953125,1650,1764,1491,1492,1500,1499,1491,1494,1496,1500,1495.375,1491,1500,890,863,872,898,911,865,902,853,881.75,853,911,7054,79,69,67,86,82,66,76,64
1743970864,1722.125,1739,1701,1739.125,1759,1723,1714.5,1735,1690,1667.875,1681,1655,1684.0,1704,1669,1725.875,1741,1714,1673.0,1691,1648,1693.125,1709,1679,1702.453125,1648,1759,1492,1492,1500,1499,1487,1496,1495,1499,1495.0,1487,1500,892,862,856,891,920,864,906,856,880.875,856,920,7047,79,69,67,87,82,66,76,64
1743970865,1723.375,1740,1704,1721.375,1742,1706,1705.875,1728,1682,1663.375,1677,1650,1670.375,1689,1656,1703.75,1718,1692,1684.25,1704,1659,1684.25,1702,1671,1694.578125,1650,1742,1494,1494,1500,1499,1491,1500,1488,1500,1495.75,1488,1500,886,866,869,894,913,860,900,853,880.125,853,913,7041,79,70,67,87,82,66,77,64
1743970866,1691.0,1707,1674,1722.75,1743,1708,1692.375,1711,1670,1657.875,1671,1645,1683.125,1702,1669,1687.625,1704,1675,1652.0,1671,1624,1690.625,1709,1676,1684.671875,1624,1743,1486,1495,1481,1497,1492,1492,1488,1496,1490.875,1481,1497,863,832,846,872,896,846,897,848,862.5,832,897,6900,79,70,67,87,83,66,77,64
1743970867,1715.5,1731,1697,1732.0,1752,1718,1712.625,1734,1689,1665.125,1678,1652,1684.125,1704,1670,1725.375,1742,1713,1666.375,1686,1643,1704.5,1722,1690,1700.703125,1643,1752,1495,1497,1500,1498,1495,1495,1491,1495,1495.75,1491,1500,881,856,861,894,913,870,895,856,878.25,856,913,7026,79,70,67,87,83,66,77,64
1743970869,1710.625,1728,1693,1705.625,1728,1688,1688.125,1709,1665,1662.5,1675,1650,1679.75,1699,1666,1684.0,1701,1672,1647.5,1667,1625,1673.25,1690,1658,1681.421875,1625,1728,1492,1493,1500,1498,1496,1495,1499,1500,1496.625,1492,1500,872,841,866,889,906,844,877,833,866.0,833,906,6928,79,70,67,87,83,66,77,64
1743970870,1697.875,1716,1679,1687.375,1708,1674,1702.375,1724,1679,1660.0,1673,1645,1654.75,1674,1641,1681.75,1699,1670,1648.25,1669,1620,1650.75,1668,1636,1672.890625,1620,1724,1491,1496,1499,1499,1500,1500,1498,1497,1497.5,1491,1500,878,842,855,879,906,846,875,830,863.875,830,906,6911,79,70,67,87,83,66,77,64
1743970871,1737.625,1757,1721,1744.375,1765,1730,1726.25,1747,1703,1703.625,1716,1690,1691.5,1711,1678,1738.375,1756,1726,1695.25,1715,1671,1727.625,1745,1714,1720.578125,1671,1765,1485,1490,1500,1495,1498,1495,1490,1492,1493.125,1485,1500,897,862,876,905,914,875,912,873,889.25,862,914,7114,80,70,68,87,83,67,77,65
1743970873,1731.625,1748,1713,1741.125,1762,1725,1705.125,1727,1682,1657.75,1672,1644,1674.5,1694,1661,1710.875,1727,1699,1685.0,1705,1659,1717.25,1733,1703,1702.90625,1644,1762,1493,1499,1500,1500,1485,1495,1492,1494,1494.75,1485,1500,893,863,863,883,911,871,894,865,880.375,863,911,7043,80,70,68,88,83,67,77,65
1743970874,1713.625,1730,1695,1730.25,1750,1714,1688.875,1711,1665,1644.75,1660,1631,1677.5,1699,1664,1695.125,1711,1683,1667.375,1687,1643,1700.125,1716,1684,1689.703125,1631,1750,1496,1496,1500,1499,1496,1499,1499,1499,1498.0,1496,1500,886,853,857,876,912,854,887,857,872.75,853,912,6982,80,70,68,87,83,66,77,65
1743970875,1718.625,1736,1699,1715.75,1737,1699,1695.875,1717,1673,1645.25,1660,1631,1673.75,1693,1660,1701.625,1718,1690,1668.75,1688,1645,1707.625,1724,1693,1690.90625,1631,1737,1486,1499,1500,1498,1494,1500,1495,1498,1496.25,1486,1500,883,850,863,873,915,859,887,863,874.125,850,915,6993,80,70,67,87,83,66,77,64
1743970876,1723.125,1740,1705,1729.875,1749,1716,1689.125,1711,1666,1669.0,1682,1655,1683.625,1704,1669,1729.125,1745,1717,1688.0,1708,1665,1728.0,1744,1715,1704.984375,1655,1749,1494,1487,1496,1496,1492,1484,1491,1489,1491.125,1484,1496,882,843,844,881,908,863,896,866,872.875,843,908,6983,80,70,67,87,83,66,77,64
1743970878,1752.125,1769,1733,1767.625,1788,1753,1734.875,1756,1711,1714.0,1727,1701,1718.75,1739,1705,1752.625,1768,1740,1724.25,1744,1701,1758.5,1774,1745,1740.34375,1701,1788,1487,1495,1495,1491,1493,1496,1485,1497,1492.375,1485,1497,891,867,872,905,916,881,908,885,890.625,867,916,7125,80,70,67,87,83,66,77,64
1743970879,1720.5,1738,1703,1751.5,1772,1737,1715.625,1738,1691,1671.375,1685,1657,1687.625,1707,1672,1730.75,1746,1719,1696.875,1717,1672,1722.625,1738,1709,1712.109375,1657,1772,1487,1490,1500,1500,1493,1498,1491,1495,1494.25,1487,1500,894,867,854,900,916,871,909,876,885.875,854,916,7087,79,70,66,87,83,66,77,64
1743970880,1722.125,1740,1704,1721.875,1742,1707,1657.625,1678,1642,1665.5,1679,1652,1665.875,1686,1652,1679.125,1694,1667,1669.125,1687,1646,1698.5,1714,1684,1684.96875,1642,1742,1489,1496,1500,1497,1498,1494,1491,1498,1495.375,1489,1500,884,852,838,880,896,846,885,867,868.5,838,896,6948,79,70,66,87,82,65,76,64
1743970881,1723.25,1742,1705,1744.25,1765,1730,1701.875,1723,1679,1669.875,1683,1657,1688.125,1710,1675,1719.75,1737,1699,1688.75,1705,1666,1720.625,1737,1708,1707.0625,1657,1765,1487,1483,1499,1497,1492,1497,1491,1491,1492.125,1483,1499,891,856,852,893,914,863,905,863,879.625,852,914,7037,79,69,66,87,82,65,76,63
1743970883,1727.375,1745,1710,1724.75,1746,1710,1676.375,1697,1654,1663.625,1678,1650,1659.875,1681,1640,1691.25,1706,1679,1678.625,1697,1655,1699.75,1716,1686,1690.203125,1640,1746,1495,1494,1500,1500,1496,1500,1491,1495,1496.375,1491,1500,887,850,851,874,894,849,892,856,869.125,849,894,6953,79,69,66,86,82,65,76,63
1743970884,1721.375,1739,1703,1723.25,1745,1709,1683.125,1703,1661,1667.25,1681,1652,1665.125,1685,1652,1690.875,1706,1678,1673.375,1690,1650,1689.875,1707,1676,1689.28125,1650,1745,1479,1493,1500,1500,1490,1494,1494,1500,1493.75,1479,1500,882,852,850,887,890,852,885,857,869.375,850,890,6955,79,69,65,86,82,65,76,63
1743970885,1724.875,1744,1709,1723.125,1743,1709,1684.5,1705,1662,1655.875,1670,1643,1656.625,1679,1644,1692.625,1708,1679,1680.25,1701,1656,1696.625,1711,1682,1689.3125,1643,1744,1490,1495,1499,1500,1491,1497,1494,1496,1495.25,1490,1500,887,847,843,873,897,849,887,858,867.625,843,897,6941,78,69,65,86,81,64,75,63
1743970886,1719.875,1738,1702,1722.625,1743,1709,1677.75,1698,1656,1655.0,1669,1641,1657.875,1673,1646,1690.625,1706,1677,1676.5,1696,1651,1665.625,1682,1652,1683.234375,1641,1743,1490,1497,1499,1496,1484,1494,1489,1490,1492.375,1484,1499,879,839,841,870,884,856,884,834,860.875,834,884,6887,78,69,65,85,81,64,75,63
1743970888,1736.125,1754,1719,1733.125,1754,1718,1701.625,1721,1680,1670.375,1684,1655,1692.75,1712,1681,1726.125,1740,1712,1685.125,1703,1662,1708.125,1725,1695,1706.671875,1655,1754,1484,1492,1500,1493,1483,1498,1493,1495,1492.25,1483,1500,881,846,854,878,901,865,890,861,872.0,846,901,6976,78,68,64,85,81,64,75,62
1743970889,1755.75,1773,1739,1783.25,1804,1769,1745.75,1768,1723,1709.75,1723,1693,1728.625,1748,1715,1762.875,1778,1750,1717.875,1737,1692,1761.875,1778,1749,1745.71875,1692,1804,1487,1496,1496,1495,1496,1496,1490,1497,1494.125,1487,1497,895,863,862,903,913,881,916,879,889.0,862,916,7112,78,68,64,85,81,64,74,62
1743970890,1720.75,1738,1704,1736.25,1756,1721,1703.125,1727,1680,1658.0,1671,1643,1683.25,1703,1671,1708.75,1725,1696,1676.375,1694,1652,1698.125,1713,1685,1698.078125,1643,1756,1490,1497,1500,1498,1498,1500,1497,1496,1497.0,1490,1500,888,855,855,877,910,855,903,855,874.75,855,910,6998,78,68,64,85,81,64,74,62
1743970892,1740.75,1759,1724,1765.0,1786,1751,1730.875,1750,1709,1692.0,1705,1677,1717.5,1737,1704,1740.875,1757,1729,1701.625,1720,1676,1737.5,1753,1723,1728.265625,1676,1786,1483,1488,1498,1497,1492,1491,1490,1495,1491.75,1483,1498,893,858,870,898,912,875,903,866,884.375,858,912,7075,77,68,64,84,80,63,74,62
1743970893,1731.5,1747,1713,1743.0,1761,1724,1727.0,1749,1705,1677.375,1690,1664,1697.75,1721,1682,1731.875,1746,1719,1693.25,1708,1673,1705.875,1721,1692,1713.453125,1664,1761,1493,1496,1498,1496,1497,1499,1492,1499,1496.25,1492,1499,883,864,856,887,909,861,908,863,878.875,856,909,7031,76,68,64,84,80,63,73,62
1743970894,1731.625,1746,1713,1756.625,1773,1738,1730.25,1750,1709,1677.375,1692,1664,1701.0,1724,1686,1735.875,1750,1721,1700.5,1716,1680,1715.375,1731,1701,1718.578125,1664,1773,1493,1498,1500,1499,1492,1497,1492,1496,1495.875,1492,1500,889,862,866,890,916,873,902,868,883.25,862,916,7066,76,68,64,84,80,63,73,61
1743970895,1719.125,1734,1701,1732.625,1750,1713,1702.875,1723,1681,1661.75,1675,1644,1685.0,1707,1670,1696.125,1710,1684,1679.875,1696,1659,1698.25,1715,1684,1696.953125,1644,1750,1491,1491,1500,1500,1495,1500,1494,1496,1495.875,1491,1500,886,851,862,880,910,858,897,856,875.0,851,910,7000,76,68,64,83,79,63,73,61
1743970897,1724.625,1741,1705,1745.5,1764,1728,1709.25,1729,1687,1683.0,1696,1670,1703.75,1725,1691,1734.0,1749,1723,1693.5,1710,1676,1704.625,1720,1691,1712.28125,1670,1764,1495,1489,1500,1499,1490,1490,1499,1492,1494.25,1489,1500,894,853,870,886,899,860,896,850,876.0,850,899,7008,76,68,64,83,79,63,73,61
1743970898,1744.875,1761,1726,1760.0,1778,1742,1735.25,1756,1713,1718.625,1731,1705,1720.0,1742,1706,1742.125,1758,1731,1728.0,1744,1707,1756.375,1772,1743,1738.15625,1705,1778,1483,1494,1499,1492,1493,1492,1494,1493,1492.5,1483,1499,873,856,866,892,911,868,908,868,880.25,856,911,7042,76,68,63,83,79,63,72,61
1743970899,1758.125,1774,1740,1768.25,1785,1748,1741.875,1763,1719,1723.125,1735,1708,1721.625,1743,1709,1756.75,1773,1745,1720.875,1736,1698,1746.875,1762,1733,1742.1875,1698,1785,1488,1493,1496,1496,1492,1491,1488,1497,1492.625,1488,1497,886,865,871,900,908,882,910,876,887.25,865,910,7098,76,68,63,83,79,62,72,61
1743970900,1757.375,1778,1731,1762.25,1780,1739,1740.25,1762,1718,1713.75,1729,1698,1717.5,1739,1705,1741.25,1756,1731,1733.25,1749,1709,1735.375,1750,1723,1737.625,1698,1780,1488,1496,1499,1498,1493,1493,1495,1495,1494.625,1488,1499,888,866,873,903,909,877,906,874,887.0,866,909,7096,75,68,63,83,78,62,72,61
1743970902,1710.25,1727,1694,1719.875,1737,1703,1713.625,1736,1690,1675.5,1690,1658,1688.875,1711,1677,1715.125,1732,1704,1669.375,1684,1648,1690.125,1707,1676,1697.84375,1648,1737,1491,1492,1500,1499,1496,1498,1494,1500,1496.25,1491,1500,881,852,853,889,904,863,885,856,872.875,852,904,6983,75,68,63,83,78,62,71,61
1743970903,1733.625,1750,1715,1730.625,1748,1712,1702.5,1723,1680,1686.125,1698,1671,1683.375,1705,1671,1713.0,1729,1701,1684.75,1699,1667,1693.625,1708,1678,1703.453125,1667,1750,1492,1496,1500,1500,1493,1497,1494,1499,1496.375,1492,1500,874,852,859,883,902,859,881,850,870.0,850,902,6960,75,68,63,82,78,62,71,60
1743970904,1710.125,1726,1691,1702.625,1720,1686,1713.875,1734,1691,1667.875,1681,1653,1687.25,1708,1675,1703.125,1719,1691,1668.75,1684,1649,1684.0,1702,1667,1692.203125,1649,1734,1492,1499,1500,1500,1498,1497,1498,1496,1497.5,1492,1500,873,841,863,878,897,858,875,853,867.25,841,897,6938,74,68,62,82,77,62,71,60
1743970905,1731.25,1748,1712,1735.375,1754,1717,1702.25,1722,1680,1672.625,1688,1657,1693.5,1714,1681,1708.0,1722,1695,1692.875,1709,1673,1712.375,1728,1700,1706.03125,1657,1754,1492,1498,1500,1499,1495,1500,1492,1495,1496.375,1492,1500,882,854,857,873,909,864,889,865,874.125,854,909,6993,74,68,62,81,77,62,70,60
1743970907,1722.625,1738,1706,1722.25,1739,1707,1719.5,1739,1697,1683.875,1696,1669,1694.625,1715,1683,1736.375,1750,1724,1703.0,1717,1683,1723.25,1738,1711,1713.1875,1669,1750,1492,1497,1500,1500,1489,1491,1486,1490,1493.125,1486,1500,856,831,850,865,885,852,879,853,858.875,831,885,6871,74,68,62,81,77,61,70,60
1743970908,1726.875,1743,1709,1713.875,1732,1697,1698.625,1719,1676,1662.25,1676,1647,1699.75,1721,1688,1696.0,1711,1684,1690.375,1709,1671,1713.25,1728,1698,1700.125,1647,1743,1496,1498,1500,1497,1498,1498,1487,1499,1496.625,1487,1500,871,842,845,862,892,852,881,848,861.625,842,892,6893,74,68,62,81,76,61,70,60
1743970909,1731.0,1747,1714,1744.125,1762,1728,1725.75,1747,1703,1676.75,1691,1654,1702.125,1722,1691,1738.25,1752,1726,1691.0,1708,1671,1717.0,1733,1704,1715.75,1654,1762,1489,1499,1495,1496,1488,1497,1491,1493,1493.5,1488,1499,880,857,869,878,894,864,887,863,874.0,857,894,6992,73,67,62,80,76,61,70,60
1743970910,1751.375,1768,1733,1769.75,1788,1753,1740.625,1761,1718,1719.125,1731,1704,1723.125,1745,1710,1758.625,1774,1745,1717.75,1736,1696,1746.625,1762,1734,1740.875,1696,1788,1485,1491,1497,1488,1487,1496,1486,1493,1490.375,1485,1497,884,867,871,890,903,875,904,876,883.75,867,904,7070,73,67,61,80,76,61,69,60
1743970912,1740.625,1757,1723,1736.5,1754,1721,1686.75,1707,1664,1698.5,1712,1683,1698.5,1718,1683,1706.375,1723,1696,1702.0,1718,1682,1718.625,1733,1706,1710.984375,1664,1757,1489,1497,1500,1499,1487,1497,1493,1499,1495.125,1487,1500,880,856,846,873,899,860,887,864,870.625,846,899,6965,73,68,61,80,76,61,69,59
1743970913,1740.75,1758,1722,1750.375,1770,1735,1714.875,1735,1694,1703.375,1715,1687,1708.625,1729,1696,1741.0,1755,1728,1713.25,1730,1692,1730.625,1746,1718,1725.359375,1687,1770,1487,1496,1499,1496,1496,1486,1490,1494,1493.0,1486,1499,884,860,855,888,903,867,902,866,878.125,855,903,7025,73,68,61,80,76,61,69,59
1743970914,1741.0,1758,1724,1757.625,1778,1743,1701.125,1724,1677,1700.75,1714,1686,1714.125,1735,1702,1719.75,1734,1706,1703.25,1721,1682,1731.25,1747,1716,1721.109375,1677,1778,1492,1493,1494,1496,1486,1493,1490,1495,1492.375,1486,1496,882,856,848,889,892,869,901,868,875.625,848,901,7005,73,68,61,80,75,61,69,59
1743970916,1730.625,1748,1713,1738.75,1759,1723,1713.0,1733,1691,1702.375,1715,1689,1700.375,1721,1684,1725.875,1741,1711,1715.0,1733,1695,1717.125,1733,1703,1717.890625,1684,1759,1491,1497,1500,1494,1491,1490,1493,1488,1493.0,1488,1500,876,851,849,878,886,853,894,862,868.625,849,894,6949,73,67,61,80,75,60,69,59
1743970917,1771.375,1789,1753,1783.125,1803,1768,1757.375,1776,1736,1743.875,1755,1727,1744.0,1764,1732,1766.75,1783,1751,1748.625,1766,1728,1759.375,1775,1746,1759.3125,1727,1803,1492,1499,1500,1500,1499,1495,1497,1497,1497.375,1492,1500,877,860,872,893,902,877,901,870,881.5,860,902,7052,72,67,61,80,75,60,69,59
1743970918,1771.25,1788,1754,1788.75,1807,1775,1751.375,1771,1728,1722.375,1735,1706,1732.75,1755,1718,1765.0,1781,1751,1726.125,1744,1707,1759.375,1775,1745,1752.125,1706,1807,1492,1497,1497,1485,1480,1493,1486,1496,1490.75,1480,1497,887,859,875,892,892,876,903,875,882.375,859,903,7059,72,67,61,80,75,61,69,59
1743970919,1733.25,1750,1717,1730.75,1750,1717,1681.5,1701,1659,1665.375,1680,1651,1686.5,1705,1666,1702.125,1717,1689,1690.25,1707,1669,1708.875,1725,1692,1699.828125,1651,1750,1496,1499,1500,1496,1493,1493,1495,1498,1496.25,1493,1500,876,848,848,857,865,858,875,841,858.5,841,876,6868,72,67,61,79,74,61,68,59
1743970921,1736.125,1753,1719,1707.125,1726,1692,1673.5,1692,1651,1672.125,1685,1656,1672.375,1689,1662,1704.75,1718,1693,1672.625,1690,1651,1671.625,1688,1659,1688.78125,1651,1753,1495,1499,1500,1500,1494,1499,1493,1499,1497.375,1493,1500,868,839,836,860,873,850,866,838,853.75,836,873,6830,72,67,61,79,74,60,68,59
1743970922,1731.875,1749,1715,1749.0,1769,1734,1694.5,1717,1671,1679.25,1692,1664,1715.25,1736,1702,1730.5,1746,1716,1696.375,1713,1675,1716.625,1732,1703,1714.171875,1664,1769,1483,1493,1500,1498,1496,1492,1495,1498,1494.375,1483,1500,879,855,852,872,892,869,886,859,870.5,852,892,6964,72,67,61,79,75,61,68,59
1743970923,1731.875,1750,1716,1739.125,1759,1724,1705.875,1723,1683,1680.375,1693,1666,1701.25,1723,1689,1723.375,1740,1709,1697.125,1715,1678,1713.125,1729,1700,1711.515625,1666,1759,1483,1492,1500,1498,1488,1496,1491,1490,1492.25,1483,1500,876,857,852,880,904,869,894,862,874.25,852,904,6994,72,67,61,79,75,61,69,59
1743970924,1734.625,1751,1718,1720.875,1740,1708,1710.25,1731,1687,1680.625,1693,1664,1687.25,1708,1675,1712.625,1726,1699,1703.875,1721,1685,1695.125,1711,1681,1705.65625,1664,1751,1487,1496,1500,1498,1496,1499,1498,1493,1495.875,1487,1500,869,852,857,864,891,854,884,841,864.0,841,891,6912,73,68,62,80,75,61,69,59
1743970926,1760.375,1778,1743,1771.875,1791,1756,1739.875,1757,1718,1720.5,1733,1704,1729.0,1749,1717,1755.125,1769,1743,1732.875,1750,1710,1755.375,1773,1742,1745.625,1704,1791,1490,1497,1495,1496,1494,1495,1493,1495,1494.375,1490,1497,883,850,868,892,904,875,906,871,881.125,850,906,7049,73,68,62,80,76,61,69,60
1743970927,1743.625,1762,1726,1739.75,1759,1726,1721.375,1741,1698,1696.0,1710,1683,1706.75,1726,1693,1727.875,1742,1715,1714.25,1731,1693,1706.375,1721,1693,1719.5,1683,1762,1491,1495,1500,1498,1492,1497,1495,1499,1495.875,1491,1500,881,860,865,878,895,871,896,862,876.0,860,896,7008,73,68,63,80,76,62,70,60
1743970928,1734.0,1751,1716,1754.5,1774,1738,1718.875,1737,1696,1685.75,1698,1671,1710.0,1730,1698,1721.125,1738,1703,1703.0,1720,1682,1720.875,1736,1707,1718.515625,1671,1774,1486,1494,1500,1498,1495,1495,1493,1496,1494.625,1486,1500,881,871,873,883,905,875,900,871,882.375,871,905,7059,74,69,63,80,76,62,70,60
1743970929,1724.625,1742,1707,1728.0,1747,1712,1710.125,1730,1687,1671.5,1684,1657,1684.625,1705,1672,1703.125,1717,1691,1690.25,1707,1669,1688.25,1705,1674,1700.0625,1657,1747,1489,1498,1500,1497,1495,1499,1495,1493,1495.75,1489,1500,881,862,856,886,897,857,898,858,874.375,856,898,6995,74,69,63,81,77,62,71,61
1743970931,1731.0,1751,1708,1746.875,1766,1731,1725.125,1746,1701,1692.0,1705,1676,1701.375,1723,1688,1731.5,1749,1716,1699.25,1716,1678,1720.25,1736,1707,1718.421875,1676,1766,1488,1498,1500,1496,1493,1497,1495,1492,1494.875,1488,1500,887,864,864,893,908,867,898,867,881.0,864,908,7048,75,69,64,81,77,63,71,61
1743970932,1708.0,1726,1689,1709.625,1729,1694,1705.125,1727,1681,1665.0,1681,1647,1674.375,1695,1662,1693.375,1707,1682,1692.875,1711,1673,1670.625,1687,1657,1689.875,1647,1729,1490,1498,1500,1498,1499,1500,1500,1496,1497.625,1490,1500,879,853,863,876,902,848,892,844,869.625,844,902,6957,75,70,64,82,78,63,72,62
1743970933,1752.375,1768,1734,1749.0,1768,1732,1734.0,1755,1710,1709.875,1723,1695,1710.5,1732,1698,1747.25,1761,1735,1719.5,1737,1689,1725.25,1739,1713,1730.96875,1689,1768,1489,1494,1499,1498,1488,1497,1488,1494,1493.375,1488,1499,894,866,874,903,898,869,899,870,884.125,866,903,7073,76,70,65,83,78,64,73,62
1743970935,1716.875,1735,1702,1725.25,1745,1708,1703.25,1723,1680,1700.625,1713,1687,1698.125,1719,1685,1713.5,1729,1701,1708.75,1726,1688,1724.625,1741,1708,1711.375,1680,1745,1491,1493,1495,1494,1487,1491,1492,1494,1492.125,1487,1495,868,842,846,873,893,860,881,834,862.125,834,893,6897,76,70,66,83,79,65,73,63
1743970936,1748.75,1767,1732,1761.75,1781,1744,1727.5,1748,1703,1711.5,1725,1697,1722.5,1742,1709,1745.25,1761,1732,1723.875,1741,1702,1738.625,1753,1722,1734.96875,1697,1781,1487,1494,1500,1498,1489,1491,1495,1495,1493.625,1487,1500,889,869,872,909,913,883,902,874,888.875,869,913,7111,76,71,66,84,80,65,73,63
1743970937,1747.625,1764,1731,1764.125,1783,1749,1738.875,1760,1714,1695.5,1709,1679,1710.0,1730,1699,1747.125,1763,1731,1709.25,1727,1686,1733.75,1749,1720,1730.78125,1679,1783,1487,1494,1499,1492,1495,1499,1493,1495,1494.25,1487,1499,893,870,879,903,920,879,904,877,890.625,870,920,7125,77,71,67,84,80,66,74,63
1743970938,1857.125,1876,1843,1875.5,1891,1858,1843.875,1861,1820,1796.125,1814,1782,1822.75,1841,1809,1857.125,1872,1843,1826.5,1843,1806,1832.25,1847,1819,1838.90625,1782,1891,1489,1495,1493,1494,1486,1493,1489,1489,1491.0,1486,1495,871,848,855,880,888,858,881,855,867.0,848,888,6936,78,72,67,85,81,66,75,64
1743970940,1761.375,1776,1746,1765.375,1779,1745,1757.0,1776,1734,1708.125,1722,1694,1711.125,1728,1697,1759.125,1775,1745,1717.875,1734,1699,1745.75,1759,1734,1740.71875,1694,1779,1492,1493,1498,1494,1483,1491,1489,1497,1492.125,1483,1498,880,857,863,888,906,863,898,870,878.125,857,906,7025,78,72,68,85,82,67,75,64
1743970941,1764.125,1779,1749,1766.5,1784,1745,1735.375,1751,1711,1712.75,1726,1699,1710.75,1727,1697,1757.875,1774,1743,1711.25,1727,1692,1739.875,1754,1727,1737.3125,1692,1784,1489,1496,1495,1500,1493,1491,1482,1496,1492.75,1482,1500,902,871,881,906,921,883,915,877,894.5,871,921,7156,79,72,68,86,82,67,76,65
1743970942,1718.75,1734,1703,1738.0,1752,1716,1701.625,1718,1679,1651.125,1664,1638,1685.875,1704,1672,1719.25,1735,1703,1673.5,1688,1654,1716.5,1730,1704,1700.578125,1638,1752,1492,1497,1500,1499,1498,1496,1488,1497,1495.875,1488,1500,892,853,864,885,904,870,895,867,878.75,853,904,7030,79,73,69,87,83,68,76,65
1743970943,1734.75,1750,1719,1738.75,1756,1719,1678.625,1695,1654,1662.875,1676,1650,1695.5,1712,1682,1719.125,1734,1705,1680.25,1696,1661,1724.875,1738,1713,1704.34375,1650,1756,1489,1496,1499,1497,1494,1497,1483,1492,1493.375,1483,1499,894,866,858,883,913,867,902,867,881.25,858,913,7050,80,73,69,87,83,68,77,66
1743970945,1723.875,1739,1708,1752.875,1771,1734,1699.5,1715,1677,1664.625,1684,1650,1694.5,1712,1680,1744.25,1759,1730,1694.0,1711,1676,1728.875,1742,1717,1712.8125,1650,1771,1479,1496,1500,1499,1490,1498,1490,1494,1493.25,1479,1500,888,868,858,889,925,867,909,876,885.0,858,925,7080,80,73,69,88,84,68,78,66
1743970946,1718.5,1734,1703,1738.5,1755,1720,1670.125,1686,1646,1649.75,1664,1637,1673.625,1692,1659,1695.125,1710,1681,1673.875,1689,1656,1716.25,1731,1701,1691.96875,1637,1755,1489,1496,1500,1498,1492,1500,1498,1498,1496.375,1489,1500,889,851,857,887,903,862,901,863,876.625,851,903,7013,81,74,69,88,84,69,78,66
1743970947,1728.0,1743,1712,1727.875,1745,1710,1675.25,1692,1654,1673.375,1688,1659,1671.5,1690,1658,1704.75,1721,1690,1685.375,1703,1667,1700.875,1714,1688,1695.875,1654,1745,1492,1495,1500,1500,1489,1499,1494,1496,1495.625,1489,1500,897,863,847,896,907,868,904,864,880.75,847,907,7046,81,74,69,89,84,69,78,67
1743970948,1715.125,1730,1699,1737.125,1755,1719,1689.75,1705,1666,1661.875,1676,1648,1673.0,1691,1658,1710.625,1726,1696,1674.125,1696,1655,1709.625,1723,1697,1696.40625,1648,1755,1487,1492,1498,1497,1492,1498,1489,1496,1493.625,1487,1498,896,867,862,894,914,861,915,866,884.375,861,915,7075,82,74,70,89,85,69,79,67
1743970950,1703.875,1720,1688,1713.625,1729,1694,1652.75,1668,1630,1639.5,1655,1624,1635.375,1657,1603,1660.125,1676,1645,1646.125,1662,1627,1686.0,1700,1672,1667.171875,1603,1729,1484,1499,1500,1494,1498,1494,1494,1488,1493.875,1484,1500,883,848,840,880,886,845,886,849,864.625,840,886,6917,82,74,70,90,85,69,79,67
1743970951,1698.0,1713,1683,1703.875,1720,1685,1664.875,1682,1640,1623.375,1638,1610,1639.375,1657,1625,1658.25,1676,1646,1642.25,1659,1624,1676.25,1689,1664,1663.28125,1610,1720,1491,1490,1499,1496,1499,1498,1500,1492,1495.625,1490,1500,887,844,840,873,871,835,883,842,859.375,835,887,6875,82,74,70,90,85,70,80,68
1743970952,1734.0,1749,1718,1762.25,1780,1746,1724.375,1742,1700,1676.0,1689,1663,1700.375,1720,1687,1740.375,1758,1726,1703.25,1721,1683,1751.375,1768,1735,1724.0,1663,1780,1478,1497,1496,1497,1497,1492,1485,1491,1491.625,1478,1497,901,873,884,915,921,880,916,886,897.0,873,921,7176,82,74,70,90,86,70,80,68
1743970953,1739.5,1755,1724,1742.375,1760,1724,1716.375,1733,1692,1674.125,1688,1658,1685.75,1705,1671,1728.125,1744,1712,1687.25,1704,1668,1713.375,1728,1701,1710.859375,1658,1760,1483,1493,1500,1499,1496,1496,1487,1498,1494.0,1483,1500,893,871,872,900,920,879,912,873,890.0,871,920,7120,83,75,71,90,86,70,80,68
1743970955,1706.375,1722,1691,1709.625,1726,1692,1652.25,1668,1628,1629.875,1643,1613,1663.0,1681,1649,1676.375,1692,1661,1656.875,1675,1637,1674.75,1690,1662,1671.140625,1613,1726,1492,1497,1500,1498,1500,1498,1493,1494,1496.5,1492,1500,895,854,850,875,921,845,895,847,872.75,845,921,6982,83,75,71,90,87,70,80,68
1743970956,1715.75,1731,1701,1718.5,1736,1700,1661.875,1678,1638,1630.0,1643,1616,1659.25,1678,1646,1694.25,1710,1678,1675.0,1693,1656,1678.0,1694,1665,1679.078125,1616,1736,1490,1489,1500,1500,1494,1499,1499,1492,1495.375,1489,1500,892,849,843,873,914,860,901,857,873.625,843,914,6989,83,74,70,90,87,70,80,68
1743970957,1717.375,1733,1702,1736.375,1755,1720,1693.0,1711,1669,1649.75,1663,1636,1683.75,1703,1670,1713.0,1729,1698,1677.75,1696,1658,1715.625,1732,1701,1698.328125,1636,1755,1486,1496,1497,1497,1489,1494,1495,1497,1493.875,1486,1497,901,867,869,896,924,871,915,870,889.125,867,924,7113,83,74,70,91,87,70,81,68
1743970959,1703.25,1719,1688,1730.625,1749,1712,1687.875,1704,1664,1622.375,1635,1609,1669.25,1689,1654,1693.375,1709,1679,1657.5,1674,1638,1693.25,1708,1679,1682.1875,1609,1749,1490,1497,1500,1500,1497,1496,1496,1499,1496.875,1490,1500,894,855,863,884,913,855,906,859,878.625,855,913,7029,83,74,70,91,87,70,81,67
1743970960,1712.875,1729,1698,1718.75,1735,1699,1699.625,1718,1675,1650.75,1664,1636,1657.0,1675,1643,1710.125,1725,1695,1677.0,1694,1657,1692.75,1707,1680,1689.859375,1636,1735,1485,1490,1496,1499,1496,1495,1498,1499,1494.75,1485,1499,893,861,870,893,927,870,912,863,886.125,861,927,7089,84,74,71,91,87,70,81,67
1743970961,1706.875,1723,1692,1723.875,1741,1704,1715.25,1733,1691,1643.375,1656,1631,1674.375,1693,1660,1721.375,1738,1707,1684.75,1702,1665,1723.5,1738,1710,1699.171875,1631,1741,1467,1496,1496,1495,1484,1491,1483,1497,1488.625,1467,1497,876,839,846,892,908,862,914,860,874.625,839,914,6997,84,74,70,91,87,70,81,67
1743970962,1718.5,1734,1704,1742.375,1759,1724,1709.625,1726,1685,1668.625,1682,1655,1685.625,1704,1671,1726.75,1743,1712,1682.125,1699,1662,1730.875,1745,1717,1708.0625,1655,1759,1492,1497,1499,1498,1492,1495,1485,1498,1494.5,1485,1499,904,861,872,903,919,869,921,867,889.5,861,921,7116,84,74,70,91,87,69,81,67
1743970964,1691.125,1707,1674,1720.5,1737,1701,1683.25,1699,1659,1641.125,1654,1627,1661.25,1681,1647,1680.375,1699,1663,1651.0,1668,1632,1667.125,1681,1654,1674.46875,1627,1737,1493,1496,1500,1500,1499,1500,1498,1500,1498.25,1493,1500,895,856,859,890,915,843,904,835,874.625,835,915,6997,84,74,70,91,87,69,81,67
1743970965,1700.5,1718,1685,1731.5,1748,1712,1711.125,1727,1687,1645.5,1660,1630,1655.875,1676,1642,1704.5,1719,1691,1676.625,1692,1659,1686.125,1698,1674,1688.96875,1630,1748,1493,1496,1499,1496,1499,1500,1498,1499,1497.5,1493,1500,896,860,863,898,930,859,917,860,885.375,859,930,7083,84,74,70,91,87,69,81,67
1743970966,1723.25,1747,1707,1742.0,1758,1724,1705.5,1723,1681,1663.125,1676,1649,1674.0,1693,1660,1719.0,1734,1705,1687.25,1704,1667,1709.375,1722,1697,1702.9375,1649,1758,1491,1497,1500,1496,1499,1498,1493,1493,1495.875,1491,1500,896,860,876,898,928,867,916,864,888.125,860,928,7105,84,74,70,91,87,69,81,67
1743970967,1694.625,1710,1681,1722.0,1739,1702,1686.75,1702,1664,1630.5,1643,1618,1661.375,1681,1647,1691.5,1711,1676,1649.75,1666,1625,1688.125,1702,1674,1678.078125,1618,1739,1496,1497,1500,1500,1499,1500,1496,1498,1498.25,1496,1500,887,850,860,890,920,856,893,846,875.25,846,920,7002,83,74,70,91,87,69,80,66
1743970969,1695.625,1711,1679,1729.5,1746,1712,1711.875,1728,1688,1640.125,1654,1626,1666.5,1685,1652,1713.875,1730,1700,1657.375,1673,1639,1691.125,1704,1678,1688.25,1626,1746,1491,1500,1500,1499,1498,1500,1495,1499,1497.75,1491,1500,896,859,869,892,921,866,898,856,882.125,856,921,7057,83,73,69,91,87,68,80,66
1743970970,1700.375,1715,1685,1700.625,1718,1683,1683.375,1701,1659,1642.75,1656,1630,1658.5,1677,1645,1686.125,1702,1672,1651.625,1669,1634,1675.375,1690,1661,1674.84375,1630,1718,1494,1497,1500,1500,1495,1499,1499,1500,1498.0,1494,1500,889,846,863,892,925,861,899,843,877.25,843,925,7018,83,73,69,91,87,68,80,66
1743970971,1688.875,1705,1674,1708.625,1725,1691,1699.5,1717,1676,1645.5,1659,1632,1669.875,1689,1656,1715.75,1732,1702,1658.625,1676,1641,1697.375,1711,1684,1685.515625,1632,1732,1495,1498,1496,1500,1495,1500,1493,1493,1496.25,1493,1500,881,842,864,886,914,860,899,867,876.625,842,914,7013,83,73,69,90,87,68,79,65
1743970973,1733.25,1748,1718,1745.5,1762,1727,1726.375,1743,1702,1683.0,1696,1669,1687.125,1705,1674,1738.375,1755,1724,1696.5,1714,1673,1736.875,1750,1724,1718.375,1669,1762,1487,1490,1496,1497,1497,1485,1488,1495,1491.875,1485,1497,893,858,878,905,923,880,912,869,889.75,858,923,7118,82,73,68,90,86,67,79,65
1743970974,1719.75,1736,1704,1750.625,1768,1732,1712.875,1729,1689,1662.0,1675,1648,1692.0,1710,1678,1723.75,1738,1709,1685.875,1702,1668,1733.125,1748,1719,1710.0,1648,1768,1481,1493,1496,1500,1494,1498,1496,1498,1494.5,1481,1500,898,860,866,894,921,867,916,866,886.0,860,921,7088,82,73,68,90,86,67,79,65
1743970975,1697.25,1712,1683,1709.375,1726,1692,1704.0,1721,1680,1638.125,1651,1624,1657.125,1676,1644,1700.875,1717,1686,1651.375,1669,1631,1687.125,1700,1673,1680.65625,1624,1726,1499,1500,1500,1495,1498,1500,1493,1500,1498.125,1493,1500,888,846,862,880,915,839,888,854,871.5,839,915,6972,82,72,68,89,86,67,79,65
1743970976,1707.625,1723,1691,1707.125,1724,1688,1682.25,1701,1658,1641.125,1656,1625,1657.75,1675,1645,1689.0,1705,1675,1655.875,1673,1638,1686.125,1700,1672,1678.359375,1625,1724,1492,1499,1500,1499,1496,1496,1497,1500,1497.375,1492,1500,885,843,855,874,911,853,882,836,867.375,836,911,6939,81,72,67,89,85,66,78,64
1743970978,1739.875,1756,1725,1752.875,1770,1735,1702.75,1719,1679,1673.875,1687,1660,1690.75,1708,1677,1740.25,1756,1725,1695.75,1717,1676,1727.375,1741,1714,1715.4375,1660,1770,1486,1498,1496,1498,1496,1488,1485,1492,1492.375,1485,1498,891,860,857,894,920,877,903,865,883.375,857,920,7067,81,72,67,88,85,66,78,64
1743970979,1704.0,1719,1689,1729.625,1747,1711,1672.75,1689,1652,1641.375,1654,1629,1677.25,1695,1664,1694.0,1710,1680,1661.5,1679,1644,1695.0,1707,1682,1684.4375,1629,1747,1494,1499,1498,1498,1496,1500,1497,1498,1497.5,1494,1500,889,855,843,885,915,845,891,858,872.625,843,915,6981,81,72,66,88,85,66,77,64
1743970980,1707.25,1724,1690,1729.0,1746,1712,1649.0,1667,1617,1640.25,1655,1626,1661.0,1678,1648,1678.25,1693,1663,1650.875,1667,1633,1703.875,1716,1690,1677.4375,1617,1746,1487,1500,1500,1497,1499,1497,1499,1498,1497.125,1487,1500,889,851,832,880,895,848,896,851,867.75,832,896,6942,81,72,66,88,84,65,77,64
1743970981,1731.0,1748,1716,1738.75,1756,1721,1701.625,1719,1679,1686.75,1698,1673,1680.875,1700,1667,1726.375,1742,1711,1694.75,1710,1676,1724.0,1737,1712,1710.515625,1667,1756,1486,1491,1494,1496,1491,1497,1487,1496,1492.25,1486,1497,896,861,861,904,910,866,912,868,884.75,861,912,7078,81,72,66,88,84,65,77,63
1743970983,1715.25,1731,1700,1736.75,1755,1718,1695.875,1715,1670,1651.25,1665,1638,1661.625,1680,1646,1686.0,1701,1673,1662.875,1686,1643,1700.75,1713,1687,1688.796875,1638,1755,1494,1496,1499,1497,1492,1492,1494,1495,1494.875,1492,1499,888,855,845,893,893,849,893,843,869.875,843,893,6959,80,71,66,88,83,65,77,63
1743970984,1741.125,1757,1725,1776.5,1795,1759,1742.375,1760,1719,1708.375,1723,1695,1722.25,1740,1707,1763.5,1779,1750,1723.125,1742,1704,1765.125,1778,1752,1742.796875,1695,1795,1481,1498,1498,1495,1495,1496,1493,1497,1494.125,1481,1498,895,870,875,913,916,880,921,877,893.375,870,921,7147,80,71,65,87,83,65,76,63
1743970985,1749.75,1766,1734,1772.125,1791,1752,1742.0,1758,1719,1697.75,1711,1684,1713.125,1734,1696,1760.25,1775,1743,1709.625,1726,1692,1744.5,1757,1731,1736.140625,1684,1791,1487,1493,1500,1497,1487,1493,1490,1497,1493.0,1487,1500,890,863,867,905,918,874,917,873,888.375,863,918,7107,80,71,65,87,83,65,76,63
1743970986,1715.875,1732,1701,1732.5,1749,1714,1695.25,1711,1673,1638.0,1652,1626,1669.25,1684,1655,1718.75,1735,1703,1672.5,1689,1654,1680.125,1692,1668,1690.28125,1626,1749,1490,1494,1500,1498,1489,1500,1493,1497,1495.125,1489,1500,885,856,843,880,887,858,894,847,868.75,843,894,6950,79,71,65,87,82,64,76,62
1743970988,1719.625,1736,1704,1741.125,1757,1723,1677.625,1696,1656,1647.5,1660,1634,1690.625,1705,1677,1709.375,1723,1696,1674.25,1692,1655,1703.75,1717,1691,1695.484375,1634,1757,1486,1494,1500,1500,1490,1499,1491,1500,1495.0,1486,1500,891,845,846,878,906,862,894,847,871.125,845,906,6969,79,70,65,86,82,64,75,62
1743970989,1736.25,1754,1721,1739.0,1755,1722,1690.375,1706,1668,1667.75,1680,1655,1686.375,1705,1672,1726.625,1741,1711,1680.75,1698,1660,1711.875,1724,1700,1704.875,1655,1755,1489,1496,1500,1497,1496,1493,1489,1496,1494.5,1489,1500,882,856,857,877,906,862,903,849,874.0,849,906,6992,79,70,64,85,82,64,75,62
1743970990,1715.5,1733,1701,1703.0,1720,1684,1679.75,1695,1657,1657.5,1672,1642,1667.375,1686,1653,1695.125,1710,1681,1688.5,1705,1670,1676.375,1689,1663,1685.390625,1642,1733,1495,1498,1500,1493,1493,1500,1497,1500,1497.0,1493,1500,885,843,834,873,902,844,897,848,865.75,834,902,6926,78,70,64,85,81,64,75,62
1743970991,1752.125,1766,1739,1776.0,1790,1756,1777.125,1794,1754,1749.625,1762,1734,1783.625,1801,1773,1793.125,1807,1781,1764.625,1781,1744,1788.625,1801,1775,1773.109375,1734,1807,1497,1492,1499,1495,1500,1500,1498,1490,1496.375,1490,1500,868,824,809,820,819,771,813,764,811.0,764,868,6488,78,70,64,84,81,63,74,62
1743970993,1961.0,1974,1942,1938.125,1954,1931,1927.25,1942,1902,1929.5,1941,1912,1934.5,1948,1921,1945.375,1959,1928,1944.5,1963,1921,1961.5,1977,1943,1942.71875,1902,1977,1479,1483,1471,1466,1479,1479,1479,1491,1478.375,1466,1491,648,641,649,697,708,650,688,633,664.25,633,708,5314,74,66,61,81,77,61,73,61
1743970994,1931.5,1942,1916,1939.875,1954,1930,1941.5,1956,1917,1939.375,1950,1923,1949.625,1965,1940,1961.75,1977,1942,1927.0,1944,1906,1924.125,1938,1907,1939.34375,1906,1977,1475,1477,1480,1472,1482,1486,1477,1478,1478.375,1472,1486,676,658,650,684,681,630,678,645,662.75,630,684,5302,72,64,60,79,75,60,72,61
1743970995,1825.375,1832,1815,1878.375,1889,1871,1806.5,1816,1792,1735.0,1740,1726,1799.5,1812,1794,1797.0,1805,1793,1770.875,1783,1760,1808.875,1816,1803,1802.6875,1726,1889,1500,1499,1500,1500,1499,1499,1500,1500,1499.625,1499,1500,704,675,680,697,715,670,710,677,691.0,670,715,5528,70,60,59,75,73,57,71,60
1743970997,1819.875,1827,1810,1890.0,1900,1884,1824.5,1833,1810,1760.5,1766,1754,1822.75,1834,1817,1815.0,1825,1810,1781.5,1792,1771,1811.875,1818,1805,1815.75,1754,1900,1500,1500,1500,1500,1500,1500,1500,1500,1500.0,1500,1500,734,665,656,669,698,646,696,656,677.5,646,734,5420,69,59,58,73,73,56,71,60
1743970998,1829.0,1836,1815,1885.875,1898,1878,1803.25,1812,1789,1732.25,1736,1726,1801.125,1813,1796,1796.125,1805,1792,1766.0,1778,1754,1803.0,1811,1795,1802.078125,1726,1898,1500,1500,1500,1500,1500,1500,1500,1500,1500.0,1500,1500,717,680,691,695,720,675,713,680,696.375,675,720,5571,68,58,58,72,72,56,70,60
1743970999,1824.25,1831,1813,1889.0,1900,1883,1830.25,1838,1816,1762.75,1766,1755,1828.625,1839,1823,1816.0,1825,1813,1788.25,1799,1778,1817.125,1823,1810,1819.53125,1755,1900,1500,1500,1500,1500,1500,1500,1500,1500,1500.0,1500,1500,727,675,659,672,694,648,692,662,678.625,648,727,5429,68,58,58,72,72,56,70,59
1743971000,1832.125,1840,1821,1882.875,1894,1876,1800.25,1810,1786,1730.875,1736,1725,1798.75,1811,1793,1785.375,1794,1781,1764.75,1777,1752,1798.5,1804,1792,1799.1875,1725,1894,1499,1500,1499,1499,1499,1498,1496,1499,1498.625,1496,1500,705,679,686,706,721,677,719,683,697.0,677,721,5576,67,57,58,72,72,55,70,59
1743971002,1828.5,1836,1818,1898.125,1909,1891,1832.5,1842,1818,1767.25,1772,1760,1834.625,1845,1829,1828.0,1837,1823,1789.25,1798,1780,1823.0,1829,1818,1825.15625,1760,1909,1500,1500,1500,1500,1500,1500,1500,1500,1500.0,1500,1500,715,664,657,658,688,649,672,655,669.75,649,715,5358,67,57,58,71,71,55,70,59
1743971003,1834.0,1842,1822,1884.875,1896,1878,1799.25,1807,1785,1733.625,1738,1727,1802.75,1815,1798,1795.375,1804,1791,1777.375,1788,1768,1822.25,1829,1817,1806.1875,1727,1896,1500,1500,1500,1500,1500,1500,1500,1500,1500.0,1500,1500,712,688,698,703,722,685,697,645,693.75,645,722,5550,67,57,57,71,71,55,69,59
1743971004,1851.25,1858,1841,1908.625,1921,1901,1830.75,1839,1817,1765.875,1771,1758,1827.875,1839,1823,1824.375,1834,1821,1787.375,1798,1778,1822.375,1828,1816,1827.3125,1758,1921,1500,1500,1500,1500,1500,1500,1500,1500,1500.0,1500,1500,678,639,655,666,688,653,683,653,664.375,639,688,5315,67,57,57,71,71,55,69,59
1743971005,1834.0,1847,1822,1880.5,1890,1874,1799.5,1810,1784,1735.875,1740,1730,1797.125,1809,1791,1787.0,1797,1782,1769.5,1780,1760,1805.375,1812,1799,1801.109375,1730,1890,1498,1494,1498,1499,1497,1496,1498,1498,1497.25,1494,1499,705,676,689,693,721,679,707,686,694.5,676,721,5556,66,57,57,70,70,55,69,59
1743971007,1832.625,1840,1821,1881.25,1893,1874,1801.625,1812,1787,1739.375,1744,1736,1830.875,1842,1826,1829.0,1839,1825,1801.25,1811,1793,1835.25,1842,1828,1818.90625,1736,1893,1500,1500,1500,1500,1500,1500,1500,1500,1500.0,1500,1500,727,696,696,678,688,641,671,651,681.0,641,727,5448,66,56,57,70,70,55,69,59
1743971008,1859.625,1867,1849,1900.125,1912,1895,1827.75,1837,1813,1754.0,1759,1750,1823.75,1835,1819,1816.875,1826,1813,1783.375,1793,1774,1823.625,1829,1818,1823.640625,1750,1912,1500,1500,1500,1500,1500,1500,1500,1500,1500.0,1500,1500,676,643,658,665,694,652,686,663,667.125,643,694,5337,66,56,57,70,70,55,69,59
1743971009,1835.25,1843,1824,1883.375,1896,1877,1801.25,1810,1787,1732.625,1738,1727,1820.75,1832,1817,1824.75,1834,1820,1800.25,1809,1790,1839.5,1845,1834,1817.21875,1727,1896,1500,1500,1500,1500,1500,1500,1500,1500,1500.0,1500,1500,723,688,699,691,696,639,664,647,680.875,639,723,5447,66,56,57,70,70,55,69,59
1743971010,1837.625,1845,1827,1879.0,1891,1871,1786.75,1797,1772,1778.875,1783,1774,1829.5,1840,1825,1820.5,1827,1817,1786.0,1797,1778,1811.125,1818,1804,1816.171875,1772,1891,1495,1495,1484,1492,1500,1500,1500,1477,1492.875,1477,1500,700,651,634,661,689,650,678,657,665.0,634,700,5320,66,57,57,70,70,55,69,59
1743971012,1841.0,1849,1830,1891.375,1904,1884,1803.75,1814,1789,1762.25,1767,1756,1814.875,1827,1810,1802.625,1812,1798,1771.5,1783,1761,1813.125,1819,1808,1812.5625,1756,1904,1500,1500,1500,1500,1500,1500,1500,1500,1500.0,1500,1500,706,673,669,697,718,682,708,694,693.375,669,718,5547,66,57,57,70,71,55,69,59
1743971013,1831.25,1838,1820,1878.75,1889,1872,1795.875,1806,1780,1755.5,1761,1750,1815.75,1826,1807,1840.5,1850,1836,1806.625,1815,1798,1837.5,1843,1832,1820.21875,1750,1889,1500,1500,1500,1500,1500,1500,1500,1500,1500.0,1500,1500,723,695,685,697,678,646,668,653,680.625,646,723,5445,67,57,57,70,71,55,69,59
1743971014,1838.5,1845,1829,1890.375,1902,1882,1804.625,1814,1791,1762.625,1768,1757,1810.0,1820,1804,1823.375,1833,1819,1778.5,1788,1770,1814.875,1821,1809,1815.359375,1757,1902,1500,1500,1500,1500,1500,1500,1500,1500,1500.0,1500,1500,711,677,667,696,696,684,712,691,691.75,667,712,5534,67,57,58,71,71,55,69,59
1743971015,1830.625,1838,1820,1879.125,1892,1871,1795.75,1805,1781,1749.5,1754,1745,1797.25,1808,1791,1821.0,1831,1815,1794.625,1803,1785,1841.875,1848,1836,1813.71875,1745,1892,1500,1500,1500,1500,1500,1500,1500,1500,1500.0,1500,1500,736,695,690,713,714,674,679,644,693.125,644,736,5545,67,57,58,71,71,56,69,60
1743971017,1829.375,1837,1818,1878.75,1889,1873,1785.25,1796,1769,1752.125,1756,1746,1801.875,1813,1793,1815.75,1827,1812,1773.625,1785,1763,1800.5,1807,1794,1804.65625,1746,1889,1500,1500,1500,1500,1500,1500,1500,1500,1500.0,1500,1500,731,689,683,712,711,697,721,696,705.0,683,731,5640,67,57,58,71,71,56,69,60
1743971018,1832.875,1840,1823,1879.875,1892,1872,1790.25,1800,1775,1746.375,1751,1739,1808.875,1817,1802,1845.375,1855,1839,1803.0,1812,1793,1829.5,1836,1823,1817.015625,1739,1892,1500,1500,1500,1500,1500,1500,1500,1500,1500.0,1500,1500,725,692,687,716,693,643,675,650,685.125,643,725,5481,67,57,58,71,71,56,70,60
1743971019,1835.625,1843,1827,1885.375,1898,1874,1795.25,1805,1780,1757.0,1761,1751,1803.375,1812,1795,1827.125,1837,1822,1773.375,1785,1762,1807.5,1814,1802,1810.578125,1751,1898,1500,1500,1500,1500,1500,1500,1500,1500,1500.0,1500,1500,713,683,675,703,706,689,716,686,696.375,675,716,5571,67,58,58,71,71,56,70,60
1743971021,1826.625,1833,1816,1875.5,1886,1869,1782.25,1791,1767,1746.0,1751,1740,1798.75,1805,1792,1839.0,1847,1835,1799.625,1810,1789,1831.375,1838,1823,1812.390625,1740,1886,1500,1500,1500,1500,1500,1500,1500,1500,1500.0,1500,1500,739,700,692,717,695,659,673,645,690.0,645,739,5520,68,58,58,71,71,56,70,60
1743971022,1844.375,1851,1834,1896.75,1906,1891,1816.625,1824,1802,1773.0,1778,1767,1816.375,1828,1811,1809.375,1819,1804,1781.375,1791,1772,1815.625,1821,1810,1819.1875,1767,1906,1500,1500,1500,1500,1500,1500,1500,1500,1500.0,1500,1500,692,644,643,672,695,653,686,667,669.0,643,695,5352,68,58,58,71,71,56,70,60
1743971023,1830.0,1836,1821,1878.25,1888,1872,1792.75,1803,1777,1748.75,1753,1741,1799.125,1811,1794,1788.5,1798,1783,1763.5,1774,1752,1798.75,1806,1792,1799.953125,1741,1888,1500,1500,1500,1500,1500,1500,1500,1500,1500.0,1500,1500,714,682,675,707,727,687,723,691,700.75,675,727,5606,68,58,59,72,72,57,70,61
1743971024,1842.875,1850,1835,1885.375,1896,1879,1811.875,1818,1797,1747.5,1751,1741,1808.375,1820,1804,1797.125,1806,1793,1776.5,1787,1765,1803.75,1810,1797,1809.171875,1741,1896,1500,1500,1500,1500,1500,1500,1500,1500,1500.0,1500,1500,692,658,661,680,705,660,702,679,679.625,658,705,5437,68,58,59,72,72,57,71,61
1743971026,1822.625,1829,1813,1876.25,1888,1868,1791.0,1801,1775,1722.75,1728,1717,1789.0,1801,1784,1774.125,1784,1769,1762.25,1774,1750,1810.0,1817,1802,1793.5,1717,1888,1500,1500,1500,1500,1500,1500,1500,1500,1500.0,1500,1500,729,691,698,706,738,690,715,658,703.125,658,738,5625,69,58,59,72,73,57,71,61
1743971027,1809.625,1817,1800,1868.375,1879,1862,1806.375,1817,1792,1753.625,1757,1746,1822.75,1833,1818,1817.0,1825,1812,1787.0,1797,1775,1815.875,1822,1809,1810.078125,1746,1879,1500,1500,1500,1500,1500,1500,1500,1500,1500.0,1500,1500,735,690,669,654,690,643,685,659,678.125,643,735,5425,69,59,60,72,73,58,71,61
1743971028,1831.25,1838,1822,1878.125,1888,1872,1803.875,1813,1789,1733.625,1737,1728,1801.75,1813,1797,1792.375,1801,1787,1765.375,1777,1754,1799.25,1806,1792,1800.703125,1728,1888,1500,1500,1500,1500,1500,1500,1500,1500,1500.0,1500,1500,705,663,673,684,716,672,708,679,687.5,663,716,5500,69,59,60,73,73,58,71,61
1743971029,1813.25,1820,1804,1866.5,1877,1860,1791.375,1802,1775,1725.0,1730,1719,1786.875,1799,1781,1779.0,1788,1774,1752.625,1764,1740,1787.875,1794,1779,1787.8125,1719,1877,1500,1500,1500,1500,1500,1500,1500,1500,1500.0,1500,1500,725,690,694,705,731,690,732,693,707.5,690,732,5660,69,59,60,73,74,58,72,62
1743971031,1803.375,1810,1794,1860.25,1872,1852,1781.75,1793,1766,1722.5,1726,1718,1809.5,1820,1805,1813.125,1822,1808,1806.5,1817,1795,1834.625,1841,1828,1803.953125,1718,1872,1500,1500,1500,1500,1500,1500,1500,1500,1500.0,1500,1500,748,696,704,699,698,630,656,619,681.25,619,748,5450,70,59,60,73,74,58,72,62
1743971032,1818.375,1824,1809,1870.25,1881,1863,1784.0,1794,1768,1719.25,1723,1715,1781.0,1793,1775,1785.0,1796,1779,1751.125,1761,1741,1792.25,1799,1784,1787.65625,1715,1881,1500,1500,1500,1500,1500,1500,1500,1500,1500.0,1500,1500,712,690,696,707,729,688,723,700,705.625,688,729,5645,70,60,61,74,74,59,72,62
1743971033,1812.875,1819,1802,1861.75,1872,1855,1779.625,1788,1765,1703.125,1708,1699,1786.25,1798,1780,1796.375,1803,1792,1783.5,1794,1772,1820.625,1827,1814,1793.015625,1699,1872,1500,1500,1500,1500,1500,1500,1500,1500,1500.0,1500,1500,727,706,707,717,717,645,681,646,693.25,645,727,5546,70,60,61,74,75,59,73,62
1743971034,1834.625,1842,1826,1889.5,1899,1884,1829.125,1838,1815,1766.75,1771,1762,1817.875,1828,1812,1819.75,1831,1815,1779.25,1790,1767,1814.75,1821,1807,1818.953125,1762,1899,1500,1500,1500,1500,1500,1500,1500,1500,1500.0,1500,1500,680,632,638,656,676,646,683,658,658.625,632,683,5269,70,60,61,74,75,59,73,62
1743971036,1818.875,1825,1808,1869.5,1880,1863,1787.625,1798,1772,1717.875,1722,1711,1776.625,1789,1771,1785.625,1791,1779,1747.125,1759,1734,1795.375,1801,1788,1787.328125,1711,1880,1500,1500,1500,1500,1500,1500,1500,1500,1500.0,1500,1500,710,686,695,702,730,683,718,698,702.75,683,730,5622,70,60,61,75,75,59,73,63
1743971037,1814.0,1821,1804,1863.625,1875,1856,1779.0,1789,1763,1710.75,1717,1705,1768.375,1780,1763,1769.0,1777,1764,1748.25,1759,1738,1805.375,1812,1799,1782.296875,1705,1875,1500,1500,1500,1500,1500,1500,1500,1500,1500.0,1500,1500,729,692,703,714,743,688,702,656,703.375,656,743,5627,71,60,61,75,75,59,73,63
1743971038,1807.5,1813,1797,1861.875,1872,1856,1777.75,1788,1762,1713.375,1718,1707,1768.0,1780,1762,1768.25,1777,1763,1734.625,1747,1723,1784.625,1792,1776,1777.0,1707,1872,1500,1500,1500,1500,1500,1500,1500,1500,1500.0,1500,1500,722,692,698,714,742,695,727,708,712.25,692,742,5698,71,60,62,75,76,59,74,63
1743971040,1806.375,1812,1796,1862.875,1875,1855,1777.0,1789,1760,1709.25,1714,1705,1769.375,1781,1762,1771.25,1778,1765,1734.5,1747,1722,1782.5,1789,1775,1776.640625,1705,1875,1500,1500,1500,1500,1500,1500,1500,1500,1500.0,1500,1500,725,692,698,713,739,689,721,703,710.0,689,739,5680,71,60,62,75,76,60,74,63
1743971041,1811.375,1817,1801,1862.25,1873,1855,1779.875,1791,1764,1708.625,1712,1705,1767.625,1780,1761,1773.375,1782,1767,1736.5,1747,1726,1781.75,1789,1772,1777.671875,1705,1873,1500,1500,1500,1500,1500,1500,1500,1500,1500.0,1500,1500,718,683,693,705,738,690,718,698,705.375,683,738,5643,71,61,62,75,76,60,74,63
1743971042,1807.625,1814,1797,1862.625,1870,1857,1771.25,1783,1755,1700.875,1706,1697,1760.75,1774,1754,1765.25,1771,1758,1731.375,1742,1721,1795.875,1803,1789,1774.453125,1697,1870,1500,1500,1500,1500,1499,1500,1499,1500,1499.75,1499,1500,731,701,711,709,745,694,714,672,709.625,672,745,5677,72,61,62,76,77,60,74,63
1743971043,1798.375,1804,1787,1852.875,1864,1845,1772.75,1783,1758,1739.25,1745,1734,1797.625,1809,1790,1803.5,1810,1797,1766.25,1778,1754,1807.0,1813,1800,1792.203125,1734,1864,1500,1500,1500,1500,1500,1500,1500,1500,1500.0,1500,1500,743,711,671,681,700,640,680,666,686.5,640,743,5492,72,61,62,76,77,60,75,64
1743971044,1832.75,1837,1823,1877.125,1887,1871,1792.75,1801,1779,1749.875,1753,1746,1781.875,1794,1774,1791.375,1798,1784,1750.5,1762,1740,1796.75,1803,1789,1796.625,1740,1887,1500,1500,1500,1500,1500,1500,1500,1500,1500.0,1500,1500,679,658,653,689,713,673,703,682,681.25,653,713,5450,72,61,62,76,77,60,75,64
1743971046,1793.75,1800,1783,1843.875,1855,1836,1762.125,1771,1747,1732.75,1738,1727,1793.625,1804,1786,1800.625,1806,1794,1765.25,1777,1754,1806.25,1813,1799,1787.28125,1727,1855,1500,1500,1500,1500,1500,1500,1500,1500,1500.0,1500,1500,749,717,681,691,695,644,691,666,691.75,644,749,5534,72,61,62,76,77,60,75,64
1743971047,1816.25,1821,1806,1865.875,1876,1859,1779.125,1788,1765,1733.5,1737,1728,1775.25,1784,1766,1808.875,1815,1802,1739.375,1751,1728,1795.125,1802,1787,1789.171875,1728,1876,1500,1500,1500,1500,1500,1499,1500,1499,1499.75,1499,1500,713,669,669,703,704,687,716,696,694.625,669,716,5557,72,61,62,77,77,60,75,64
1743971048,1807.125,1813,1796,1866.375,1877,1859,1771.5,1781,1757,1726.125,1731,1721,1768.625,1779,1759,1802.0,1809,1795,1738.0,1750,1727,1789.25,1796,1782,1783.625,1721,1877,1500,1500,1500,1500,1500,1500,1500,1500,1500.0,1500,1500,730,692,688,722,719,700,731,701,710.375,688,731,5683,73,61,62,77,77,60,75,64
1743971050,1797.75,1804,1788,1849.875,1861,1843,1771.25,1779,1758,1742.5,1748,1737,1795.25,1803,1787,1842.875,1849,1837,1803.625,1811,1795,1853.375,1861,1846,1807.0625,1737,1861,1500,1500,1500,1500,1500,1500,1500,1500,1500.0,1500,1500,755,701,679,683,673,630,642,611,671.75,611,755,5374,73,61,62,77,77,60,75,64
1743971051,1821.125,1826,1812,1868.75,1879,1862,1783.375,1791,1769,1735.25,1741,1731,1777.375,1786,1769,1810.875,1818,1805,1749.75,1760,1738,1797.125,1804,1789,1792.953125,1731,1879,1500,1500,1500,1500,1500,1500,1500,1500,1500.0,1500,1500,709,665,668,702,695,684,711,691,690.625,665,711,5525,73,61,62,77,77,60,75,64
1743971052,1803.125,1808,1793,1862.0,1872,1855,1772.5,1781,1757,1716.875,1720,1712,1758.875,1768,1751,1800.875,1810,1796,1730.875,1741,1720,1783.125,1791,1775,1778.53125,1712,1872,1499,1500,1500,1499,1499,1499,1499,1497,1499.0,1497,1500,732,686,687,717,719,701,731,702,709.375,686,732,5675,73,61,62,77,77,60,75,64
1743971053,1810.875,1817,1802,1870.75,1881,1864,1785.125,1793,1771,1726.0,1732,1720,1771.125,1781,1761,1808.625,1816,1802,1746.5,1758,1736,1793.25,1801,1787,1789.03125,1720,1881,1500,1500,1500,1500,1500,1500,1500,1500,1500.0,1500,1500,710,673,675,706,705,688,722,691,696.25,673,722,5570,73,61,62,77,77,60,75,64
1743971055,1801.25,1807,1791,1864.0,1874,1857,1770.125,1778,1755,1716.875,1721,1711,1763.75,1775,1757,1763.75,1771,1757,1734.125,1746,1723,1782.875,1790,1774,1774.59375,1711,1874,1500,1500,1500,1500,1500,1500,1500,1500,1500.0,1500,1500,744,700,693,720,745,697,731,699,716.125,693,745,5729,73,61,62,77,77,60,75,63
1743971056,1811.5,1817,1801,1868.875,1878,1862,1783.25,1791,1769,1728.5,1733,1724,1769.5,1781,1763,1771.75,1780,1765,1742.25,1754,1731,1800.625,1808,1794,1784.53125,1724,1878,1500,1500,1500,1500,1500,1500,1500,1500,1500.0,1500,1500,718,686,683,712,738,688,720,675,702.5,675,738,5620,73,61,62,76,77,60,75,63
1743971057,1783.0,1789,1773,1843.375,1855,1837,1757.5,1764,1744,1734.75,1738,1729,1786.375,1796,1780,1774.5,1793,1768,1768.0,1778,1759,1798.375,1805,1791,1780.734375,1729,1855,1499,1499,1497,1499,1494,1489,1497,1497,1496.375,1489,1499,764,712,680,684,703,650,695,664,694.0,650,764,5552,73,60,62,77,77,60,75,63
1743971058,1824.0,1829,1814,1885.625,1895,1879,1808.125,1818,1793,1738.25,1743,1734,1785.375,1797,1778,1793.75,1803,1788,1760.875,1771,1751,1794.0,1801,1786,1798.75,1734,1895,1500,1500,1500,1500,1500,1500,1500,1500,1500.0,1500,1500,697,652,659,678,707,661,703,675,679.0,652,707,5432,73,60,62,76,77,60,75,63
1743971060,1803.125,1809,1793,1861.0,1871,1855,1778.0,1789,1762,1707.75,1712,1703,1761.875,1774,1756,1766.125,1776,1761,1736.875,1748,1726,1776.625,1784,1768,1773.921875,1703,1871,1500,1500,1500,1500,1500,1500,1500,1500,1500.0,1500,1500,734,694,703,713,750,693,730,703,715.0,693,750,5720,72,60,62,76,77,60,75,63
1743971061,1831.25,1836,1821,1881.125,1892,1875,1803.125,1812,1787,1734.5,1739,1731,1787.375,1798,1782,1788.75,1797,1784,1757.875,1769,1747,1794.125,1801,1787,1797.265625,1731,1892,1500,1500,1500,1500,1500,1500,1500,1500,1500.0,1500,1500,688,649,662,681,710,661,708,674,679.125,649,710,5433,72,60,61,76,77,59,75,63
1743971062,1781.25,1787,1769,1852.125,1863,1845,1772.75,1782,1757,1690.125,1695,1686,1758.375,1770,1752,1766.5,1776,1760,1714.25,1725,1702,1773.375,1781,1767,1763.59375,1686,1863,1492,1497,1496,1495,1500,1500,1494,1495,1496.125,1492,1500,733,690,700,722,742,694,735,671,710.875,671,742,5687,72,60,61,76,77,59,75,63
1743971064,1798.0,1804,1789,1863.0,1874,1856,1773.75,1785,1757,1705.25,1710,1699,1759.375,1772,1753,1764.75,1773,1760,1755.75,1767,1743,1808.0,1815,1801,1778.484375,1699,1874,1500,1500,1500,1500,1500,1500,1500,1500,1500.0,1500,1500,739,705,706,721,747,680,705,656,707.375,656,747,5659,72,60,61,76,77,59,75,63
1743971065,1787.125,1794,1774,1847.625,1858,1841,1759.75,1771,1743,1695.625,1700,1691,1769.375,1782,1762,1779.875,1789,1774,1775.375,1787,1764,1811.25,1818,1804,1778.25,1691,1858,1500,1500,1500,1500,1500,1500,1500,1500,1500.0,1500,1500,749,715,720,720,729,653,688,650,703.0,650,749,5624,72,60,61,76,77,59,74,62
1743971066,1801.125,1807,1790,1859.625,1870,1853,1773.5,1785,1757,1713.75,1717,1711,1788.625,1800,1783,1797.875,1806,1792,1784.375,1795,1774,1817.625,1823,1811,1792.0625,1711,1870,1500,1500,1500,1500,1500,1500,1500,1500,1500.0,1500,1500,726,708,701,693,714,631,674,640,685.875,631,726,5487,72,59,61,76,76,59,74,62
1743971067,1825.875,1831,1814,1877.375,1886,1871,1801.625,1812,1786,1737.125,1742,1733,1781.125,1793,1774,1779.875,1793,1774,1754.5,1767,1739,1791.125,1797,1785,1793.578125,1733,1886,1500,1500,1500,1500,1500,1500,1500,1500,1500.0,1500,1500,674,657,671,681,716,671,710,685,683.125,657,716,5465,71,59,61,75,76,59,74,62
1743971069,1842.5,1848,1833,1883.0,1892,1877,1808.25,1818,1793,1746.625,1750,1743,1791.0,1803,1785,1796.125,1804,1791,1763.0,1774,1751,1805.0,1811,1799,1804.4375,1743,1892,1500,1500,1500,1500,1500,1500,1500,1500,1500.0,1500,1500,678,658,658,684,710,664,706,676,679.25,658,710,5434,71,59,61,75,76,58,74,62
1743971070,1812.625,1818,1803,1874.75,1886,1868,1786.625,1797,1770,1714.875,1720,1708,1770.75,1783,1766,1773.5,1784,1768,1744.25,1756,1734,1788.0,1796,1781,1783.171875,1708,1886,1500,1500,1500,1500,1500,1500,1500,1500,1500.0,1500,1500,715,679,692,706,739,692,727,693,705.375,679,739,5643,71,59,61,75,76,58,74,62
1743971071,1810.0,1816,1801,1869.5,1880,1864,1783.0,1793,1767,1712.375,1718,1706,1767.375,1779,1762,1769.0,1780,1763,1735.75,1748,1725,1788.5,1798,1780,1779.4375,1706,1880,1500,1500,1500,1500,1500,1500,1500,1500,1500.0,1500,1500,724,688,698,715,743,686,731,708,711.625,686,743,5693,71,59,61,75,76,58,74,62
1743971072,1807.375,1814,1797,1867.5,1877,1862,1781.75,1793,1766,1704.625,1709,1699,1760.125,1773,1754,1765.375,1773,1760,1732.25,1744,1722,1796.125,1804,1790,1776.890625,1699,1877,1500,1500,1500,1500,1500,1500,1500,1500,1500.0,1500,1500,730,698,705,717,749,694,731,686,713.75,686,749,5710,71,59,60,75,76,58,74,62
1743971074,1787.75,1794,1778,1857.875,1868,1851,1790.625,1801,1775,1732.25,1739,1728,1795.875,1807,1789,1802.0,1812,1798,1764.875,1776,1755,1808.0,1815,1801,1792.40625,1728,1868,1500,1500,1500,1500,1500,1500,1500,1500,1500.0,1500,1500,753,696,683,668,699,651,688,664,687.75,651,753,5502,71,59,60,75,76,58,73,62
1743971075,1798.875,1804,1789,1856.375,1868,1850,1774.125,1783,1759,1701.0,1706,1697,1756.0,1768,1750,1769.75,1777,1765,1733.5,1747,1721,1783.125,1790,1776,1771.59375,1697,1868,1500,1500,1500,1500,1500,1500,1500,1500,1500.0,1500,1500,731,698,707,723,760,705,737,713,721.75,698,760,5774,71,59,60,75,76,58,73,62
1743971076,1808.625,1814,1799,1871.375,1882,1865,1779.375,1790,1763,1708.5,1713,1703,1765.25,1778,1760,1772.375,1782,1767,1727.5,1738,1716,1789.875,1798,1782,1777.859375,1703,1882,1500,1500,1500,1500,1500,1500,1500,1500,1500.0,1500,1500,724,694,700,706,743,693,725,708,711.625,693,743,5693,71,59,60,75,75,58,73,62
1743971078,1813.375,1819,1803,1870.375,1880,1863,1782.625,1793,1768,1728.0,1732,1722,1767.375,1779,1762,1773.5,1784,1769,1738.125,1749,1727,1790.0,1797,1782,1782.921875,1722,1880,1500,1500,1500,1500,1500,1500,1500,1500,1500.0,1500,1500,720,695,691,711,749,698,728,704,712.0,691,749,5696,71,59,60,74,75,58,73,62
1743971079,1834.0,1840,1823,1878.875,1889,1873,1798.125,1808,1784,1755.125,1759,1750,1784.875,1796,1780,1780.5,1790,1774,1758.75,1771,1748,1801.625,1808,1794,1798.984375,1748,1889,1500,1500,1500,1500,1500,1500,1500,1500,1500.0,1500,1500,689,675,666,704,729,674,716,696,693.625,666,729,5549,70,58,60,74,75,58,73,62
1743971080,1816.875,1823,1807,1869.125,1881,1863,1781.5,1790,1767,1731.5,1736,1726,1771.625,1780,1764,1804.875,1814,1800,1751.25,1760,1740,1821.25,1828,1815,1793.5,1726,1881,1500,1500,1500,1500,1500,1500,1500,1500,1500.0,1500,1500,732,701,697,727,722,704,701,667,706.375,667,732,5651,70,58,60,74,75,58,73,62
1743971081,1811.375,1818,1802,1866.375,1877,1860,1779.25,1789,1765,1732.5,1736,1727,1773.875,1782,1765,1807.25,1817,1802,1759.0,1768,1748,1827.0,1833,1821,1794.578125,1727,1877,1500,1500,1500,1500,1500,1500,1500,1500,1500.0,1500,1500,744,703,692,725,722,691,695,656,703.5,656,744,5628,70,58,60,74,75,58,73,62
1743971083,1817.0,1823,1807,1867.75,1877,1862,1788.5,1798,1773,1742.0,1746,1737,1783.375,1792,1774,1812.375,1821,1809,1754.625,1767,1743,1798.75,1806,1792,1795.546875,1737,1877,1500,1500,1500,1500,1500,1500,1500,1500,1500.0,1500,1500,715,677,678,710,710,688,727,696,700.125,677,727,5601,70,58,60,74,75,58,73,62
1743971084,1828.25,1834,1818,1875.875,1886,1870,1789.25,1798,1775,1746.0,1751,1740,1786.25,1795,1777,1813.625,1821,1809,1762.0,1773,1750,1798.75,1806,1792,1800.0,1740,1886,1500,1500,1500,1500,1500,1500,1500,1500,1500.0,1500,1500,707,670,665,696,705,686,716,691,692.0,665,716,5536,70,58,60,74,75,58,73,62
1743971085,1816.25,1823,1806,1871.875,1882,1866,1786.375,1796,1771,1742.0,1746,1737,1781.75,1791,1773,1809.25,1818,1804,1753.75,1765,1742,1795.25,1803,1788,1794.5625,1737,1882,1500,1500,1500,1500,1500,1500,1500,1500,1500.0,1500,1500,720,686,679,713,714,695,722,700,703.625,679,722,5629,70,58,60,74,75,58,73,62
1743971086,1810.125,1816,1799,1866.75,1877,1860,1781.875,1791,1767,1734.5,1740,1728,1774.375,1783,1765,1805.875,1816,1801,1750.875,1762,1740,1789.875,1797,1782,1789.28125,1728,1877,1500,1500,1500,1500,1500,1500,1500,1500,1500.0,1500,1500,730,691,686,713,714,699,725,697,706.875,686,730,5655,70,58,60,74,75,58,73,62
1743971088,1820.75,1827,1811,1872.75,1883,1867,1786.125,1796,1772,1743.0,1748,1739,1781.5,1795,1774,1807.0,1816,1803,1755.625,1766,1745,1797.75,1805,1790,1795.5625,1739,1883,1500,1500,1500,1500,1500,1500,1500,1500,1500.0,1500,1500,717,673,674,699,704,682,718,686,694.125,673,718,5553,70,58,60,74,75,58,73,62
1743971089,1809.125,1815,1798,1867.625,1878,1861,1778.125,1787,1762,1724.0,1729,1718,1764.0,1775,1758,1770.125,1779,1765,1757.875,1769,1747,1819.75,1825,1812,1786.328125,1718,1878,1500,1500,1500,1500,1500,1500,1500,1500,1500.0,1500,1500,738,701,697,720,746,678,695,651,703.25,651,746,5626,70,58,60,74,75,58,73,62
1743971090,1793.375,1800,1783,1853.875,1865,1848,1768.375,1778,1753,1713.0,1719,1706,1756.125,1767,1750,1753.75,1763,1748,1738.0,1749,1726,1795.875,1803,1788,1771.546875,1706,1865,1500,1500,1500,1500,1500,1500,1500,1500,1500.0,1500,1500,753,713,707,736,753,709,728,673,721.5,673,753,5772,70,59,60,74,75,58,73,62
1743971091,1790.875,1797,1780,1849.125,1861,1842,1767.125,1776,1751,1695.875,1701,1691,1774.625,1786,1768,1784.5,1793,1779,1783.0,1794,1772,1817.875,1824,1812,1782.875,1691,1861,1500,1500,1500,1500,1500,1500,1500,1500,1500.0,1500,1500,757,716,724,722,733,660,687,649,706.0,649,757,5648,71,59,60,74,75,58,73,62
1743971093,2102.125,2113,2093,2104.875,2109,2097,2104.25,2113,2096,2104.375,2109,2096,2101.75,2104,2098,2104.625,2110,2097,2100.125,2104,2095,2104.375,2110,2098,2103.3125,2093,2113,922,908,926,924,917,921,921,919,919.75,908,926,224,207,214,235,242,209,236,210,222.125,207,242,1777,70,58,60,73,75,57,73,61
1743971094,2103.25,2114,2094,2105.625,2110,2098,2105.5,2114,2097,2105.625,2110,2098,2102.75,2106,2099,2106.0,2112,2099,2101.125,2105,2096,2104.875,2110,2098,2104.34375,2094,2114,900,900,900,900,900,900,900,900,900.0,900,900,217,202,207,229,237,204,230,205,216.375,202,237,1731,69,57,58,72,73,56,72,61
1743971095,2103.25,2114,2095,2106.375,2112,2101,2105.375,2114,2098,2105.625,2110,2098,2102.75,2106,2099,2106.0,2111,2099,2101.25,2105,2096,2105.125,2110,2098,2104.46875,2095,2114,900,900,900,900,900,900,900,900,900.0,900,900,178,161,166,189,193,164,188,165,175.5,161,193,1404,66,54,55,69,70,54,69,58
1743971096,2103.25,2114,2095,2106.25,2112,2101,2105.25,2114,2098,2105.5,2110,2097,2102.625,2106,2099,2106.125,2112,2099,2101.125,2105,2096,2105.5,2111,2099,2104.453125,2095,2114,900,900,900,900,900,900,900,900,900.0,900,900,177,159,164,186,192,162,186,163,173.625,159,192,1389,62,50,51,65,65,50,64,54
1743971098,2103.375,2114,2095,2106.375,2112,2101,2105.5,2114,2098,2106.0,2111,2098,2102.75,2106,2099,2106.375,2112,2099,2101.375,2105,2096,2105.125,2111,2098,2104.609375,2095,2114,900,900,900,900,900,900,900,900,900.0,900,900,176,159,163,186,192,163,186,163,173.5,159,192,1388,61,48,49,64,63,48,63,52
1743971099,2103.25,2114,2094,2106.375,2112,2101,2105.375,2114,2098,2105.875,2111,2097,2102.625,2106,2099,2106.25,2112,2099,2101.25,2105,2096,2105.375,2111,2099,2104.546875,2094,2114,900,900,900,900,900,900,900,900,900.0,900,900,174,158,161,186,190,162,184,162,172.125,158,190,1377,60,47,48,63,62,48,62,51
1743971100,2103.625,2114,2095,2106.75,2112,2101,2106.0,2114,2099,2106.375,2111,2098,2102.875,2106,2099,2106.625,2112,2100,2101.625,2105,2096,2105.25,2111,2099,2104.890625,2095,2114,913,912,912,911,910,910,909,909,910.75,909,913,173,156,159,182,186,158,181,160,169.375,156,186,1355,60,47,48,63,62,47,62,51
1743971102,2103.625,2114,2095,2106.625,2112,2101,2106.25,2115,2099,2106.25,2111,2098,2102.875,2106,2099,2106.75,2112,2100,2101.75,2106,2096,2105.125,2111,2099,2104.90625,2095,2115,900,900,900,900,900,900,900,900,900.0,900,900,171,154,158,181,185,157,180,159,168.125,154,185,1345,59,46,47,63,62,47,62,50
1743971103,2103.625,2114,2095,2106.875,2112,2101,2106.25,2115,2099,2106.375,2111,2098,2103.0,2106,2099,2106.875,2112,2100,2101.625,2105,2096,2105.125,2111,2099,2104.96875,2095,2115,900,900,900,900,900,900,900,900,900.0,900,900,171,153,158,181,183,156,179,158,167.375,153,183,1339,59,46,47,62,61,46,61,50
1743971104,2103.875,2115,2095,2106.75,2113,2101,2105.75,2114,2099,2106.375,2111,2098,2102.75,2106,2099,2106.75,2112,2100,2101.375,2105,2096,2105.0,2111,2098,2104.828125,2095,2115,900,900,900,900,900,900,900,900,900.0,900,900,171,153,157,179,183,157,179,158,167.125,153,183,1337,59,46,47,62,61,46,61,50
1743971105,2104.0,2115,2096,2106.875,2113,2101,2105.875,2115,2099,2106.625,2111,2098,2103.125,2106,2100,2106.875,2112,2100,2101.75,2105,2096,2105.125,2111,2098,2105.03125,2096,2115,900,900,900,900,900,900,900,900,900.0,900,900,170,153,157,180,182,156,177,156,166.375,153,182,1331,58,45,46,62,61,46,61,49
1743971107,2104.0,2115,2096,2106.75,2112,2101,2105.75,2115,2099,2106.5,2111,2098,2102.875,2106,2100,2106.875,2112,2100,2101.875,2106,2096,2105.25,2111,2098,2104.984375,2096,2115,900,900,900,900,900,900,900,900,900.0,900,900,167,153,157,179,181,156,177,157,165.875,153,181,1327,58,45,46,61,60,46,60,49
1743971108,2104.0,2115,2096,2106.75,2113,2101,2105.75,2114,2100,2106.5,2111,2098,2103.125,2106,2100,2106.875,2112,2100,2101.875,2106,2096,2105.25,2111,2099,2105.015625,2096,2115,900,900,900,900,900,900,900,900,900.0,900,900,169,153,156,178,181,156,177,157,165.875,153,181,1327,58,45,46,61,60,45,60,49
1743971109,2104.0,2115,2096,2106.75,2113,2101,2105.375,2114,2099,2106.125,2111,2098,2103.125,2106,2100,2106.5,2112,2100,2101.625,2106,2096,2105.0,2111,2098,2104.8125,2096,2115,900,900,900,900,900,900,900,900,900.0,900,900,167,153,157,178,181,156,177,157,165.75,153,181,1326,57,45,46,61,60,45,60,49
